5.361199910221869230e-02 1.342580383841932533e-02 1.065797093586502570e-01 8.896757233824338293e-03
8.648707580110928661e-02 1.726580617773038062e-02 1.250960440189903822e-01 8.324503240823477937e-03
1.059024484224295320e-01 1.996066154982406235e-02 1.345011946597640118e-01 8.450336800108345162e-03
9.785441692110348477e-02 1.878254677783454049e-02 1.314762394563162295e-01 8.412022810620648633e-03
4.082253165900233405e-02 1.233906256568320474e-02 9.964159308678514904e-02 1.003925917910654907e-02
4.529576770843885686e-02 1.266887717609437719e-02 1.033120444619965161e-01 9.631860902368834937e-03
5.389750211565607491e-02 1.382110045028820018e-02 1.095428012039514065e-01 9.363606231120868983e-03
8.667956774967350286e-02 1.768594907613739789e-02 1.283021084625464714e-01 8.726649609460462517e-03
9.725493646044178209e-02 1.868944086428695958e-02 1.335106899942257175e-01 8.552231479022042934e-03
8.127065462860726119e-02 1.656152451282575863e-02 1.261289874556399682e-01 8.567624805016623921e-03
8.485156780691062439e-02 1.702152161210161718e-02 1.287324864418298853e-01 8.608063029462145396e-03
8.412350871080127857e-02 1.691487067592361421e-02 1.293583788102859733e-01 8.670110608832996141e-03
9.987461810755625391e-02 1.967772525808495626e-02 1.377557440610983341e-01 9.047737153765040771e-03
1.012543147452352466e-01 1.928828271078954215e-02 1.384797972279917244e-01 8.793167807790498725e-03
2.759401984325490081e-02 1.278039810044052059e-02 9.094898113508043114e-02 1.404155199782253227e-02
1.083401981210096454e-01 2.091588694441180382e-02 1.442566605103566268e-01 9.284148554041160920e-03
6.923983250414607327e-02 1.926335374773637324e-02 1.240415046985283293e-01 1.150654861040195653e-02
8.961973646209366040e-02 1.800078483007105587e-02 1.361360051582106712e-01 9.115078126986527612e-03
8.542641645134338435e-02 1.949898090420472407e-02 1.344539800023769049e-01 1.022991754262617993e-02
1.230446220265007384e-01 2.246599397856831326e-02 1.533494558715725875e-01 9.333058463915015757e-03
7.266025793187287640e-02 1.551452931301811923e-02 1.291002561487871736e-01 9.188602602222499874e-03
1.189534766392466164e-01 2.185326225393674146e-02 1.523240721364287065e-01 9.327971685060387763e-03
1.036875145228221551e-01 2.167438463291357365e-02 1.455925759384227025e-01 1.014770554364504557e-02
1.176527048346053123e-01 2.183061486591119857e-02 1.522109192912831643e-01 9.414658187662619179e-03
1.275941520356227155e-01 2.434213062599502667e-02 1.563827191379840165e-01 9.947118802140825569e-03
9.522894420668960580e-02 1.855085630644483924e-02 1.421674442906432911e-01 9.231729999061650399e-03
1.134545335968381030e-01 2.179980320268035468e-02 1.509678440689927181e-01 9.670584319809447452e-03
1.239410345585928303e-01 2.269258968486516023e-02 1.561539388447907573e-01 9.530295930608122940e-03
1.046559946062562418e-01 2.066298518544128909e-02 1.494892744812851837e-01 9.839697683212697901e-03
1.346975161290320799e-01 2.672511950897830946e-02 1.629586192958273894e-01 1.078262009584923277e-02
1.150248885913227881e-01 2.141311663527470030e-02 1.549918980953925440e-01 9.617830612170728127e-03
1.060674422741753609e-01 2.015187288237020938e-02 1.509582103903680250e-01 9.560240662914934115e-03
1.222696169420875723e-01 2.310611416282173577e-02 1.611115086055737444e-01 1.015030028794367684e-02
1.382246706993209007e-01 2.510228934473690554e-02 1.688494741881623185e-01 1.022151798505307498e-02
1.234641459682165182e-01 2.313987054648866670e-02 1.628993484381557333e-01 1.017821669827393034e-02
1.347887209985320356e-01 2.651764164035862528e-02 1.679652369482825258e-01 1.101978120286872635e-02
1.197326417210982513e-01 2.200468293653485771e-02 1.617503237513233660e-01 9.908963792975922572e-03
1.284836108590660109e-01 2.346068966393350524e-02 1.656762819945037102e-01 1.008430738358486248e-02
1.340630994152042232e-01 2.888723540081713365e-02 1.681553288138038227e-01 1.208775590295223072e-02
8.026631785195917357e-02 1.956482473688837473e-02 1.424166425099188948e-01 1.157458044220661952e-02
1.381333444013217171e-01 2.486925049260178475e-02 1.717714543455722831e-01 1.030867306263847163e-02
1.519142746823070322e-01 2.845893404198474030e-02 1.807529769975079470e-01 1.129121219580506499e-02
1.313980349154392768e-01 2.396018891798381081e-02 1.749503205368632686e-01 1.063406299599053972e-02
1.220613155603916672e-01 2.285965379862967689e-02 1.710145896384213660e-01 1.067615730415717376e-02
1.341643757455801000e-01 2.418861475790822640e-02 1.776896235323836004e-01 1.067865445654478038e-02
1.237116495735663818e-01 2.256286207256333678e-02 1.734166828786227466e-01 1.054273318280748301e-02
1.408433126338330954e-01 2.526563675125913580e-02 1.814687384771069278e-01 1.085112040315856959e-02
1.755970576153636775e-01 3.090329824582834992e-02 1.956018015313151504e-01 1.147497280140871885e-02
1.311847491097266893e-01 2.375632572756043726e-02 1.791381625611866146e-01 1.081341281142017725e-02
1.555928540873902088e-01 2.800315257215438627e-02 1.899217361677774663e-01 1.139506642152136005e-02
1.351546912417646573e-01 2.448396843450209581e-02 1.814360891760198047e-01 1.095621060814848044e-02
1.385590723520962741e-01 2.607916429528831653e-02 1.832965265962933910e-01 1.150267145877063336e-02
1.524603914174255115e-01 2.867002743809628218e-02 1.897754594610422396e-01 1.190024639282117810e-02
1.697665798284757332e-01 2.996847802187811369e-02 1.981862175548636251e-01 1.166177615389516267e-02
1.522434852374839609e-01 3.041041254741279690e-02 1.913263086331798424e-01 1.274851656714050263e-02
1.391257984154578853e-01 2.499504992703952683e-02 1.859101858812136632e-01 1.113341171616792288e-02
1.552246814159293498e-01 2.897905256498202464e-02 1.945396198753236994e-01 1.211070643251518746e-02
1.310043694011072124e-01 2.374729907827534056e-02 1.844324409569660372e-01 1.114413011564572599e-02
1.815848746143537140e-01 3.177212879158197029e-02 2.086957066888546208e-01 1.217191480552306561e-02
1.412751162139117556e-01 2.586432233330319269e-02 1.932497213636526212e-01 1.179408353644533988e-02
1.590172531164667502e-01 2.810691926548635616e-02 2.045013115806168236e-01 1.204881216356849805e-02
1.369706297172605391e-01 2.620363890592966941e-02 1.950382889817831866e-01 1.244168503059544899e-02
1.860655768321517467e-01 3.381235407611701826e-02 2.161253625448655846e-01 1.309606445875070337e-02
1.656695161290324403e-01 3.059455946823443073e-02 2.115099647859625953e-01 1.302405896001839446e-02
1.669515144911253857e-01 3.016329019039324516e-02 2.156545683629942645e-01 1.299007627697540065e-02
2.648221325629797063e-01 4.573195181708766821e-02 2.672903989096265254e-01 1.538606674690841912e-02
2.443095549128557475e-01 4.223797359431485238e-02 2.678096284592525467e-01 1.543361115591030536e-02
2.681924453924914853e-01 4.670811342217052325e-02 3.033919612407326993e-01 1.761618965350487259e-02
2.318781708315051093e-01 4.017553334457556885e-02 3.225999457503858636e-01 1.863137128039549922e-02
5.829923515935919037e-02 1.386055182358689533e-02 1.119045138033162717e-01 8.868374315462636964e-03
5.920279898873404001e-02 1.397894579358956342e-02 1.125530415902731701e-01 8.858667521808622977e-03
1.480951811479726266e-01 2.662921875306240374e-02 1.864119550899519806e-01 1.117377188172979409e-02
1.647820763162899382e-01 2.904694203141053310e-02 2.068548278403530838e-01 1.215448588732123171e-02
1.223767848518117485e-01 2.285672885087542891e-02 1.556732907107861164e-01 9.692751330315085498e-03
8.535206417328157491e-02 1.732855114042305272e-02 1.529035538678817641e-01 1.034804429128915494e-02
1.406257376237622647e-01 4.760551327568635777e-02 1.909264041327884964e-01 2.159113642712781958e-02
1.317145241502683528e-01 2.407175658913207963e-02 1.828694953209424878e-01 1.114092628564384950e-02
5.800134883720915735e-02 1.389811809675271792e-02 1.077232894206264918e-01 8.604158153155322397e-03
1.981930388349516514e-01 4.762619780639130301e-02 2.328543924495220518e-01 1.870093246423325598e-02
1.072627156532387493e-01 2.012669174813263087e-02 1.625937675723183318e-01 1.016965836103972051e-02
6.333333595800527682e-02 1.454090699069832474e-02 1.109556981807038323e-01 8.491605402925875984e-03
1.218708514487430866e-01 2.231106089889323824e-02 1.622433073088668520e-01 9.900751378237060765e-03
1.127654536082476344e-01 2.635442831736496336e-02 1.579581437553229106e-01 1.231426521063692762e-02
1.536922946487847552e-01 2.756204128137445045e-02 1.876531870988408512e-01 1.121823282037995133e-02
7.736063931141287653e-02 1.613681796207535463e-02 1.209015933819922589e-01 8.406440120602366034e-03
1.229636108213818108e-01 2.273525992922871206e-02 1.519681528627722655e-01 9.366534536108844095e-03
9.607112322304751928e-02 1.856881860027330758e-02 1.430234211843769421e-01 9.214666633523261458e-03
1.258003343704870158e-01 2.289575250238683191e-02 1.744534213378463594e-01 1.058354992496830793e-02
1.060114479992451952e-01 1.996202638903436105e-02 1.507924373829889475e-01 9.464772189281139142e-03
9.610897837837820146e-02 1.864875061661519159e-02 1.309242587963382887e-01 8.468132514541473407e-03
6.350340484756637760e-02 1.497853445553006327e-02 1.103180551900659473e-01 8.673967802931009316e-03
8.600406212424863139e-02 1.733849901016450493e-02 1.540060112329505737e-01 1.034947900853074726e-02
3.607161056952253725e-02 1.207567820648926087e-02 9.777940465480927656e-02 1.091121311753086298e-02
1.045367076751235053e-01 1.982584258668869046e-02 1.460044919398761631e-01 9.230142650767591064e-03
5.269992177589866850e-02 1.344057813205627554e-02 1.063456079610228949e-01 9.040824882279245578e-03
1.229361196961792357e-01 2.251777469261767931e-02 1.849869889030989756e-01 1.129454876810979426e-02
1.346965871687585414e-01 2.626033225946357297e-02 1.737941348878419834e-01 1.129887541861104676e-02
3.813686096256687502e-02 1.772449920037585600e-02 9.690072733896346047e-02 1.501363709565672021e-02
1.965280615522031760e-01 3.428825749779507853e-02 2.139126884314595523e-01 1.244045131602265937e-02
9.808095918367397414e-02 2.164581783686568214e-02 1.518149217801691431e-01 1.117207980663223812e-02
6.566146975088962834e-02 1.493372720660202449e-02 1.162780906531078462e-01 8.815414904478870856e-03
1.035629739249061959e-01 1.964958163229985413e-02 1.393925808912011843e-01 8.815911045404705229e-03
6.584199876912297245e-02 1.471966169795469077e-02 1.173077313244381137e-01 8.741797476822681101e-03
2.015588136318737233e-01 3.561044376688071028e-02 2.332105055787857539e-01 1.373655595766397688e-02
6.868881556842738878e-02 1.504994274066894303e-02 1.241174678129586401e-01 9.064847277861189795e-03
1.656822986247544899e-02 1.152381446656788183e-02 6.364056763092268421e-02 1.475478969399860070e-02
8.521356880733986505e-02 1.765184416512832408e-02 1.371858738460590144e-01 9.473312865870719968e-03
1.447896770204193384e-01 2.804164480618300329e-02 1.744372128417189527e-01 1.126665110393759023e-02
1.567107347105934356e-01 2.772421181178869390e-02 2.093833556237328641e-01 1.234756709327641984e-02
1.580302364882830712e-01 3.614552248126816358e-02 2.203613466049110514e-01 1.680074266115827095e-02
4.376767633819616393e-02 1.257073440809837982e-02 1.049251358155297159e-01 1.004535862833392905e-02
5.491226155993716995e-02 1.357391997431600141e-02 1.109890661625594771e-01 9.145272019494674401e-03
4.898470461107715113e-02 1.297469151121584049e-02 1.066372992588505431e-01 9.415089334322545092e-03
5.892893065289587368e-02 1.408104434612516935e-02 1.095097221709523810e-01 8.722476302768381387e-03
5.045168797146577788e-02 1.310205798445616618e-02 1.041172597093311669e-01 9.012915317238667443e-03
8.453074780058689175e-02 3.614820906993610611e-02 1.439123179601744518e-01 2.053128356655815542e-02
4.527912926500642782e-02 1.272604844269122071e-02 1.043284698702693913e-01 9.774109865188469054e-03
9.363340939597296353e-02 5.790448475410590878e-02 1.361062077978419660e-01 2.809023189878921689e-02
8.180732663575489283e-02 1.960074461378940452e-02 1.281146344796847136e-01 1.023430216826078966e-02
3.885252343750049409e-02 1.222159076793036606e-02 1.148088119940024743e-01 1.203823024927998253e-02
9.142631969309465700e-02 1.795043663358904945e-02 1.335895761131916382e-01 8.742904836207574665e-03
1.775977669578341633e-01 3.113922042239306021e-02 2.262192136140342980e-01 1.322152119831353743e-02
2.012102931945765061e-01 3.525197288926532058e-02 2.335413683219706993e-01 1.363879247328919977e-02
1.228735515055465327e-01 2.306239231444031160e-02 1.547898661789946229e-01 9.685395678793900717e-03
8.045218644067819724e-02 1.657888580255153024e-02 1.418914083228262069e-01 9.746588099148779938e-03
1.930659832011624721e-01 3.368168493887040149e-02 2.538523686066082585e-01 1.476209559572823522e-02
1.188331365694592773e-01 2.187360305712899439e-02 1.569350413519091103e-01 9.629005698273374395e-03
2.106491911238355177e-02 1.282632816707712613e-02 7.929777683971808711e-02 1.609490381640992993e-02
4.864599999999992541e-02 1.301009433679847262e-02 1.060120516646030492e-01 9.450804915366869258e-03
5.246952941176486612e-02 1.708950740903720372e-02 1.133631271416431913e-01 1.230964011314785063e-02
3.542530121208076893e-02 1.197162167302367845e-02 9.858542273702937397e-02 1.110531545946074651e-02
4.919094652406395124e-02 1.306482962010640028e-02 1.031236503291960427e-01 9.129716015830516979e-03
5.122197403827945250e-02 1.325739542818191695e-02 1.026392921404092884e-01 8.855154735754751025e-03
7.766158406773829292e-02 1.619430294095638642e-02 1.253933633458146901e-01 8.715889128176361120e-03
1.666476918032785970e-02 1.154094265157387320e-02 9.022560741210586266e-02 2.082817983094699746e-02
5.831350774501309342e-02 1.393863600010260100e-02 1.180537126940600923e-01 9.406115476475037859e-03
1.876454940509918734e-01 3.478509238045872365e-02 2.229252886406947742e-01 1.378311558451194435e-02
2.199221126760563527e-01 3.836232581363426680e-02 2.544392093962917767e-01 1.479543379123454336e-02
1.021801686143572613e-01 2.290420360060468202e-02 1.405972743645751144e-01 1.050985829369938118e-02
1.345607491208575812e-01 2.425015487476406620e-02 1.805531912125193372e-01 1.084626058897554014e-02
6.018991811808908216e-02 1.405729686195942262e-02 1.118096669680180705e-01 8.704346757726596703e-03
6.185195375722530448e-02 1.423548142571265211e-02 1.139714407040393340e-01 8.743665211279741389e-03
4.494304942111632811e-02 1.780195348213985465e-02 1.044944718462439276e-01 1.379886289992762749e-02
8.919839922888210537e-02 2.166724452402633144e-02 1.300899299818763510e-01 1.053779689073148715e-02
4.416782560475082664e-02 1.265768192205969297e-02 1.031528189122334488e-01 9.853925966900311043e-03
6.820197604576373751e-02 1.508962091974758515e-02 1.173953177155804412e-01 8.657911868287128734e-03
1.090800685014370469e-01 2.043944968019164102e-02 1.534914883685827569e-01 9.587140716690865580e-03
1.562512215272346405e-01 2.880216814783188514e-02 1.910699919029374139e-01 1.174352300534117245e-02
9.264413061075284228e-02 1.807685013113220426e-02 1.340538344598967146e-01 8.718922826149748048e-03
1.619000459617988830e-01 2.861950300195970076e-02 1.982028418260255720e-01 1.167894835554082397e-02
1.062452206235010438e-01 2.000987039610476262e-02 1.400176151368666688e-01 8.790208337382653808e-03
5.361710600706743463e-02 1.346272231040287863e-02 1.091982198941471027e-01 9.139565359461119393e-03
3.539315181000403376e-02 1.202663493794688294e-02 9.875898128675156262e-02 1.118616122309863334e-02
8.501793877551025447e-02 1.709290161311654080e-02 1.247430639932584628e-01 8.359941293504952187e-03
1.234405950921847045e-01 2.255064729170564580e-02 1.768120133255316195e-01 1.076692259323247004e-02
4.194770157068041655e-02 1.246795816123777087e-02 9.918068760441903220e-02 9.826397053155284597e-03
5.096639978315586211e-02 1.320358971921718749e-02 1.045894463589689544e-01 9.031827971670751756e-03
7.511186104619831105e-02 1.581238883122416949e-02 1.207848216563372767e-01 8.475837143794342707e-03
1.568588960571952740e-01 2.780579192551015100e-02 1.914674384298918897e-01 1.131357308450950047e-02
4.903623441662240817e-02 1.306717464199935903e-02 9.103174376003429769e-02 8.086090564566576419e-03
8.830283081032969106e-02 1.751993043190140306e-02 1.282709163881260161e-01 8.483352105683380009e-03
4.014175234304759310e-02 1.235862246680878400e-02 9.671386805891322991e-02 9.925273199158049509e-03
7.402698607038130096e-02 1.574543781006115112e-02 1.186541899140297202e-01 8.412577473272207090e-03
3.787892471204537537e-02 1.218602050209629042e-02 1.006150079427832883e-01 1.078963417203065295e-02
3.887455097940754889e-02 1.234679131865706707e-02 1.016842336682210746e-01 1.076522867571984461e-02
5.593838738738718397e-02 1.711108645195508898e-02 1.315380517721309872e-01 1.341448658977785306e-02
2.381645484196705798e-01 4.135617229256159655e-02 2.606395834300348491e-01 1.508711252431928565e-02
1.260328996505246102e-01 2.335717946937212325e-02 1.830453713419075146e-01 1.130834835641712950e-02
5.200389132197866249e-02 1.374610737140839409e-02 9.861223625297380058e-02 8.688928410542907238e-03
1.071461525423725719e-01 2.020578270527307457e-02 1.506811084582244664e-01 9.471940658068101621e-03
5.080337863201595666e-02 1.319545299809460857e-02 1.057449850619461007e-01 9.155285908511875959e-03
4.851816055264414340e-02 1.306422527683521843e-02 1.134037422385097693e-01 1.017856778846538100e-02
5.028008646003288840e-02 1.334881280746691434e-02 1.050761478179221553e-01 9.298994546198251221e-03
3.835157494500274211e-02 1.222911417679464763e-02 9.045769134968294212e-02 9.614736430768997325e-03
4.841248514851466400e-02 1.306009977131248993e-02 1.067464465346959490e-01 9.598927919155368291e-03
1.722110311091299140e-01 3.035114434392169325e-02 2.146665282161781818e-01 1.261122234517185123e-02
4.072188227843504676e-02 1.234002814118634675e-02 9.805839594467523346e-02 9.904943161865104040e-03
5.365193870858498554e-02 1.340983190568715948e-02 1.085892850793234582e-01 9.046980431991206301e-03
4.380493939393925729e-02 1.261457191089505880e-02 9.827215485207807522e-02 9.433223481137485017e-03
7.690867441860467502e-02 1.834200797215069373e-02 1.270945569571715894e-01 1.010533067369637737e-02
1.347130606333488967e-01 2.429563277251020614e-02 1.655083559935957294e-01 9.949919966384022929e-03
8.411233796327387269e-02 2.511758297431941622e-02 1.294267830433729893e-01 1.288311972975399351e-02
6.059692434411220741e-02 1.413954569693169280e-02 1.103525240556534476e-01 8.583136649043070915e-03
2.549691836734660488e-02 1.308005590623965639e-02 1.063524135279555471e-01 1.818667496570714262e-02
4.905872020725400573e-02 1.314300689373658522e-02 1.052234226916562571e-01 9.396652525609790196e-03
8.560701782531207615e-02 1.720523271869320650e-02 1.268766914842793525e-01 8.499913505410136919e-03
2.292969697960911199e-02 1.146428598937217214e-02 8.947727356164711376e-02 1.491215883547533996e-02
1.204732732451841010e-01 2.208325166424915734e-02 1.732795484287703025e-01 1.058766470370565461e-02
5.084931584563388146e-02 1.329414188123720711e-02 1.068178687464188259e-01 9.308966478211548601e-03
4.845542444080753325e-02 1.377029907651418014e-02 1.035635101927449980e-01 9.810683870787945821e-03
5.966318674071525302e-02 1.407404001445490375e-02 1.145129140017274449e-01 9.004247570631659925e-03
3.396538491147104571e-02 1.238899367739121349e-02 1.027941576433129139e-01 1.249828825941196042e-02
8.267766613798578634e-02 1.678625549776039880e-02 1.355677157252117848e-01 9.174930100197334348e-03
4.123352001259592697e-02 1.237944427689268226e-02 1.044021463555273171e-01 1.044813984456760894e-02
3.537027621861130872e-02 1.221426495848416602e-02 9.230716279779323241e-02 1.062535089868610859e-02
5.504475991348217745e-02 1.431185437228054379e-02 1.087008926266043035e-01 9.421330419574372103e-03
8.901036403348860579e-03 1.197006491431075112e-02 5.883595096530705448e-02 2.637412279366862372e-02
4.976910309660682874e-02 1.321332994925500381e-02 1.031439359180392340e-01 9.128064998008311379e-03
5.154904097311113764e-02 1.361448403567403626e-02 1.053116443979737471e-01 9.271417796008511389e-03
7.096237657929450882e-02 1.533807099460136186e-02 1.147961395675435314e-01 8.270871340732729310e-03
1.225587770585424563e-01 2.239492925725789993e-02 1.585574236454305452e-01 9.657630868986508133e-03
4.753114668977135443e-02 1.343099472824997413e-02 1.106121460820346930e-01 1.041865005204821969e-02
5.548250639341383711e-02 1.392795123008261707e-02 1.110867345997698236e-01 9.295631048120133258e-03
9.083690551181083928e-02 2.218350101714723285e-02 1.367794639679018320e-01 1.113541962026337769e-02
1.025799242139610740e-01 1.943643714693334135e-02 1.433328258586174797e-01 9.052711778740063497e-03
5.002422002241319748e-02 1.897013915165220513e-02 1.028211605330997674e-01 1.299734984046584454e-02
2.115299578648188183e-01 3.895718902086824781e-02 2.177084717204341435e-01 1.336562596332658073e-02
7.340092123969332860e-02 1.967897413814452198e-02 1.401540206703314195e-01 1.252775932952217980e-02
7.351055509527759657e-02 1.651089765195118755e-02 1.266110368203417769e-01 9.479284288657607513e-03
1.556590922401170363e-01 5.545563857403158076e-02 1.765666925254928687e-01 2.101336484880237526e-02
1.151158896588564962e-01 2.272420718433186895e-02 1.582522305886558678e-01 1.041513684721199692e-02
8.686022677271966475e-02 1.776329702666008467e-02 1.319835466476802777e-01 8.997083551508654187e-03
1.187359278976664184e-01 2.181201048596831046e-02 1.581692332432222403e-01 9.685327306458886565e-03
1.260662566844916732e-01 3.557540514236001705e-02 1.748655128498227962e-01 1.646723645030262820e-02
2.794094999999999773e-01 4.843639830966479931e-02 2.917145528391074660e-01 1.685650425157432519e-02
2.307487500000000025e-01 4.006982019179927690e-02 2.850331154787241195e-01 1.649879025843886335e-02
3.251866500000000215e-01 5.645767353052748988e-02 3.416840917983760550e-01 1.977396561362271959e-02
3.107686499999999796e-01 5.373988598752443141e-02 3.545598963607665688e-01 2.043750595625403246e-02
3.291516000000000441e-01 5.706918534510546648e-02 3.766725361951273054e-01 2.176949748234619300e-02
2.646310500000000343e-01 4.634272358959522220e-02 3.517646925188921969e-01 2.053391431073813000e-02
3.439300499999999872e-01 5.950460697069281935e-02 3.871738983118354072e-01 2.232879490888409202e-02
2.902230000000000087e-01 5.130592826662432049e-02 3.765009942919322894e-01 2.218608105428654040e-02
