    1	0.040  1.3939
    2   0.041  1.3767
    3   0.042  1.3604
    4   0.043  1.3452
    5   0.044  1.3316
    6   0.045  1.3192
    7   0.046  1.3079
    8   0.047  1.2974
    9   0.048  1.2876
   10   0.049  1.2783
   11   0.050  1.2695
   12   0.051  1.2614
   13   0.052  1.2539
   14   0.053  1.2471
   15   0.054  1.2411
   16   0.055  1.2358
   17   0.056  1.2314
   18   0.057  1.2277
   19   0.058  1.2248
   20   0.059  1.2227
   21   0.060  1.2212
   22   0.061  1.2203
   23   0.062  1.2201
   24   0.063  1.2203
   25   0.064  1.2211
   26   0.065  1.2226
   27   0.066  1.2246
   28   0.067  1.2270
   29   0.068  1.2299
   30   0.069  1.2331
   31   0.070  1.2368
   32   0.071  1.2409
   33   0.072  1.2455
   34   0.073  1.2505
   35   0.074  1.2559
   36   0.075  1.2618
   37   0.076  1.2680
   38   0.077  1.2747
   39   0.078  1.2817
   40   0.079  1.2888
   41   0.080  1.2962
   42   0.081  1.3039
   43   0.082  1.3119
   44   0.083  1.3201
   45   0.084  1.3283
   46   0.085  1.3367
   47   0.086  1.3452
   48   0.087  1.3540
   49   0.088  1.3628
   50   0.089  1.3716
   51   0.090  1.3804
   52   0.091  1.3893
   53   0.092  1.3982
   54   0.093  1.4072
   55   0.094  1.4165
   56   0.095  1.4259
   57   0.096  1.4353
   58   0.097  1.4446
   59   0.098  1.4540
   60   0.099  1.4634
   61   0.100  1.4727
   62   0.101  1.4822
   63   0.102  1.4916
   64   0.103  1.5011
   65   0.104  1.5108
   66   0.105  1.5204
   67   0.106  1.5299
   68   0.107  1.5394
   69   0.108  1.5488
   70   0.109  1.5582
   71   0.110  1.5676
   72   0.111  1.5770
   73   0.112  1.5863
   74   0.113  1.5956
   75   0.114  1.6049
   76   0.115  1.6141
   77   0.116  1.6234
   78   0.117  1.6327
   79   0.118  1.6421
   80   0.119  1.6513
   81   0.120  1.6605
   82   0.121  1.6697
   83   0.122  1.6789
   84   0.123  1.6879
   85   0.124  1.6970
   86   0.125  1.7060
   87   0.126  1.7150
   88   0.127  1.7239
   89   0.128  1.7328
   90   0.129  1.7416
   91   0.130  1.7504
   92   0.131  1.7592
   93   0.132  1.7679
   94   0.133  1.7766
   95   0.134  1.7852
   96   0.135  1.7939
   97   0.136  1.8024
   98   0.137  1.8108
   99   0.138  1.8190
  100   0.139  1.8270
  101   0.140  1.8350
  102   0.141  1.8430
  103   0.142  1.8509
  104   0.143  1.8588
  105   0.144  1.8667
  106   0.145  1.8745
  107   0.146  1.8822
  108   0.147  1.8900
  109   0.148  1.8977
  110   0.149  1.9054
  111   0.150  1.9130
  112   0.151  1.9206
  113   0.152  1.9281
  114   0.153  1.9356
  115   0.154  1.9431
  116   0.155  1.9506
  117   0.156  1.9579
  118   0.157  1.9653
  119   0.158  1.9727
  120   0.159  1.9799
  121   0.160  1.9874
  122   0.161  1.9951
  123   0.162  2.0027
  124   0.163  2.0104
  125   0.164  2.0179
  126   0.165  2.0255
  127   0.166  2.0330
  128   0.167  2.0405
  129   0.168  2.0479
  130   0.169  2.0554
  131   0.170  2.0627
  132   0.171  2.0701
  133   0.172  2.0774
  134   0.173  2.0846
  135   0.174  2.0919
  136   0.175  2.0991
  137   0.176  2.1063
  138   0.177  2.1135
  139   0.178  2.1206
  140   0.179  2.1278
  141   0.180  2.1348
  142   0.181  2.1420
  143   0.182  2.1490
  144   0.183  2.1561
  145   0.184  2.1631
  146   0.185  2.1702
  147   0.186  2.1774
  148   0.187  2.1846
  149   0.188  2.1919
  150   0.189  2.1993
  151   0.190  2.2070
  152   0.191  2.2149
  153   0.192  2.2229
  154   0.193  2.2309
  155   0.194  2.2388
  156   0.195  2.2459
  157   0.196  2.2515
  158   0.197  2.2546
  159   0.198  2.2541
  160   0.199  2.2494
  161   0.200  2.2406
  162   0.200  2.2425
  163   0.200  2.2435
  164   0.200  2.2445
  165   0.200  2.2455
  166   0.200  2.2465
  167   0.200  2.2475
  168   0.200  2.2485
  169   0.200  2.2495
  170   0.200  2.2505
  171   0.200  2.2515
  172   0.200  2.2525
  173   0.200  2.2535
  174   0.200  2.2545
  175   0.200  2.2555
  176   0.200  2.2565
  177   0.200  2.2575
  178   0.200  2.2585
  179   0.200  2.2595
  180   0.200  2.2605
  181   0.200  2.2615
  182   0.200  2.2625
  183   0.200  2.2635
  184   0.200  2.2645
  185   0.200  2.2655
  186   0.200  2.2665
  187   0.200  2.2675
  188   0.200  2.2685
  189   0.200  2.2695
  190   0.200  2.2705
  191   0.200  2.2715
  192   0.200  2.2725
  193   0.200  2.2735
  194   0.200  2.2745
  195   0.200  2.2755
  196   0.200  2.2765
  197   0.200  2.2775
  198   0.200  2.2785
  199   0.200  2.2795

  200   0.200  2.2805
  201   0.200  2.2815
  202   0.200  2.2825
  203   0.200  2.2835
  204   0.200  2.2845
  205   0.200  2.2855
  206   0.200  2.2865
  207   0.200  2.2875
  208   0.200  2.2885
  209   0.200  2.2895
  210   0.200  2.2905
  211   0.200  2.2915
  212   0.200  2.2925
  213   0.200  2.2935
  214   0.200  2.2945
  215   0.200  2.2955
  216   0.200  2.2965
  217   0.200  2.2975
  218   0.200  2.2985
  219   0.200  2.2995
  220   0.200  2.3005
  221   0.200  2.3015
  222   0.200  2.3025
  223   0.200  2.3035
  224   0.200  2.3045
  225   0.200  2.3055
  226   0.200  2.3065
  227   0.200  2.3075
  228   0.200  2.3085
  229   0.200  2.3095
  230   0.200  2.3105
  231   0.200  2.3115
  232   0.200  2.3125
  233   0.200  2.3135
  234   0.200  2.3145
  235   0.200  2.3155
  236   0.200  2.3165
  237   0.200  2.3175
  238   0.200  2.3185
  239   0.200  2.3195
  240   0.200  2.3205
  241   0.200  2.3215
  242   0.200  2.3225
  243   0.200  2.3235
  244   0.200  2.3245
  245   0.200  2.3255
  246   0.200  2.3265
  247   0.200  2.3275
  248   0.200  2.3285
  249   0.200  2.3295
  250   0.200  2.3305
  251   0.200  2.3315
  252   0.200  2.3325
  253   0.200  2.3335
  254   0.200  2.3345
  255   0.200  2.3355
  256   0.200  2.3365
  257   0.200  2.3375
  258   0.200  2.3385
  259   0.200  2.3395
  260   0.200  2.3405
  261   0.200  2.3415
  262   0.200  2.3425
  263   0.200  2.3435
  264   0.200  2.3445
  265   0.200  2.3455
  266   0.200  2.3465
  267   0.200  2.3475
  268   0.200  2.3485
  269   0.200  2.3495
  270   0.200  2.3505
  271   0.200  2.3515
  272   0.200  2.3525
  273   0.200  2.3535
  274   0.200  2.3545
  275   0.200  2.3555
  276   0.200  2.3565
  277   0.200  2.3575
  278   0.200  2.3585
  279   0.200  2.3595
  280   0.200  2.3605
  281   0.200  2.3615
  282   0.200  2.3625
  283   0.200  2.3635
  284   0.200  2.3645
  285   0.200  2.3655
  286   0.200  2.3665
  287   0.200  2.3675
  288   0.200  2.3685
  289   0.200  2.3695
  290   0.200  2.3705
  291   0.200  2.3715
  292   0.200  2.3725
  293   0.200  2.3735
  294   0.200  2.3745
  295   0.200  2.3755
  296   0.200  2.3765
  297   0.200  2.3775
  298   0.200  2.3785
  299   0.200  2.3795
  300   0.200  2.3805
  301   0.200  2.3815
  302   0.200  2.3825
  303   0.200  2.3835
  304   0.200  2.3845
  305   0.200  2.3855
  306   0.200  2.3865
  307   0.200  2.3875
  308   0.200  2.3885
  309   0.200  2.3895
  310   0.200  2.3905
  311   0.200  2.3915
  312   0.200  2.3925
  313   0.200  2.3935
  314   0.200  2.3945
  315   0.200  2.3955
  316   0.200  2.3965
  317   0.200  2.3975
  318   0.200  2.3985
  319   0.200  2.3995
  320   0.200  2.4005
  321   0.200  2.4015
  322   0.200  2.4025
  323   0.200  2.4035
  324   0.200  2.4045
  325   0.200  2.4055
  326   0.200  2.4065
  327   0.200  2.4075
  328   0.200  2.4085
  329   0.200  2.4095
  330   0.200  2.4105
  331   0.200  2.4115
  332   0.200  2.4125
  333   0.200  2.4135
  334   0.200  2.4145
  335   0.200  2.4155
  336   0.200  2.4165
  337   0.200  2.4175
  338   0.200  2.4185
  339   0.200  2.4195
  340   0.200  2.4205
  341   0.200  2.4215
  342   0.200  2.4225
  343   0.200  2.4235
  344   0.200  2.4245
  345   0.200  2.4255
  346   0.200  2.4265
  347   0.200  2.4275
  348   0.200  2.4285
  349   0.200  2.4295
  350   0.200  2.4305
  351   0.200  2.4315
  352   0.200  2.4325
  353   0.200  2.4335
  354   0.200  2.4345
  355   0.200  2.4355
  356   0.200  2.4365
  357   0.200  2.4375
  358   0.200  2.4385
  359   0.200  2.4395
  360   0.200  2.4405
  361   0.200  2.4415
  362   0.200  2.4425
  363   0.200  2.4435
  364   0.200  2.4445
  365   0.200  2.4455
  366   0.200  2.4465
  367   0.200  2.4475
  368   0.200  2.4485
  369   0.200  2.4495
  370   0.200  2.4505
  371   0.200  2.4515
  372   0.200  2.4525
  373   0.200  2.4535
  374   0.200  2.4545
  375   0.200  2.4555
  376   0.200  2.4565
  377   0.200  2.4575
  378   0.200  2.4585
  379   0.200  2.4595
  380   0.200  2.4605
  381   0.200  2.4615
  382   0.200  2.4625
  383   0.200  2.4635
  384   0.200  2.4645
  385   0.200  2.4655
  386   0.200  2.4665
  387   0.200  2.4675
  388   0.200  2.4685
  389   0.200  2.4695
  390   0.200  2.4705
  391   0.200  2.4715
  392   0.200  2.4725
  393   0.200  2.4735
  394   0.200  2.4745
  395   0.200  2.4755
  396   0.200  2.4765
  397   0.200  2.4775
  398   0.200  2.4785
  399   0.200  2.4795

  400   0.200  2.4805
  401   0.200  2.4815
  402   0.200  2.4825
  403   0.200  2.4835
  404   0.200  2.4845
  405   0.200  2.4855
  406   0.200  2.4865
  407   0.200  2.4875
  408   0.200  2.4885
  409   0.200  2.4895
  410   0.200  2.4905
  411   0.200  2.4915
  412   0.200  2.4925
  413   0.200  2.4935
  414   0.200  2.4945
  415   0.200  2.4955
  416   0.200  2.4965
  417   0.200  2.4975
  418   0.200  2.4985
  419   0.200  2.4995
  420   0.200  2.5005
  421   0.200  2.5015
  422   0.200  2.5025
  423   0.200  2.5035
  424   0.200  2.5045
  425   0.200  2.5055
  426   0.200  2.5065
  427   0.200  2.5075
  428   0.200  2.5085
  429   0.200  2.5095
  430   0.200  2.5105
  431   0.200  2.5115
  432   0.200  2.5125
  433   0.200  2.5135
  434   0.200  2.5145
  435   0.200  2.5155
  436   0.200  2.5165
  437   0.200  2.5175
  438   0.200  2.5185
  439   0.200  2.5195
  440   0.200  2.5205
  441   0.200  2.5215
  442   0.200  2.5225
  443   0.200  2.5235
  444   0.200  2.5245
  445   0.200  2.5255
  446   0.200  2.5265
  447   0.200  2.5275
  448   0.200  2.5285
  449   0.200  2.5295
  450   0.200  2.5305
  451   0.200  2.5315
  452   0.200  2.5325
  453   0.200  2.5335
  454   0.200  2.5345
  455   0.200  2.5355
  456   0.200  2.5365
  457   0.200  2.5375
  458   0.200  2.5385
  459   0.200  2.5395
  460   0.200  2.5405
  461   0.200  2.5415
  462   0.200  2.5425
  463   0.200  2.5435
  464   0.200  2.5445
  465   0.200  2.5455
  466   0.200  2.5465
  467   0.200  2.5475
  468   0.200  2.5485
  469   0.200  2.5495
  470   0.200  2.5505
  471   0.200  2.5515
  472   0.200  2.5525
  473   0.200  2.5535
  474   0.200  2.5545
  475   0.200  2.5555
  476   0.200  2.5565
  477   0.200  2.5575
  478   0.200  2.5585
  479   0.200  2.5595
  480   0.200  2.5605
  481   0.200  2.5615
  482   0.200  2.5625
  483   0.200  2.5635
  484   0.200  2.5645
  485   0.200  2.5655
  486   0.200  2.5665
  487   0.200  2.5675
  488   0.200  2.5685
  489   0.200  2.5695
  490   0.200  2.5705
  491   0.200  2.5715
  492   0.200  2.5725
  493   0.200  2.5735
  494   0.200  2.5745
  495   0.200  2.5755
  496   0.200  2.5765
  497   0.200  2.5775
  498   0.200  2.5785
  499   0.200  2.5795
  500   0.200  2.5805
  501   0.200  2.5815
  502   0.200  2.5825
  503   0.200  2.5835
  504   0.200  2.5845
  505   0.200  2.5855
  506   0.200  2.5865
  507   0.200  2.5875
  508   0.200  2.5885
  509   0.200  2.5895
  510   0.200  2.5905
  511   0.200  2.5915
  512   0.200  2.5925
  513   0.200  2.5935
  514   0.200  2.5945
  515   0.200  2.5955
  516   0.200  2.5965
  517   0.200  2.5975
  518   0.200  2.5985
  519   0.200  2.5995
  520   0.200  2.6005
  521   0.200  2.6015
  522   0.200  2.6025
  523   0.200  2.6035
  524   0.200  2.6045
  525   0.200  2.6055
  526   0.200  2.6065
  527   0.200  2.6075
  528   0.200  2.6085
  529   0.200  2.6095
  530   0.200  2.6105
  531   0.200  2.6115
  532   0.200  2.6125
  533   0.200  2.6135
  534   0.200  2.6145
  535   0.200  2.6155
  536   0.200  2.6165
  537   0.200  2.6175
  538   0.200  2.6185
  539   0.200  2.6195
  540   0.200  2.6205
  541   0.200  2.6215
  542   0.200  2.6225
  543   0.200  2.6235
  544   0.200  2.6245
  545   0.200  2.6255
  546   0.200  2.6265
  547   0.200  2.6275
  548   0.200  2.6285
  549   0.200  2.6295
  550   0.200  2.6305
  551   0.200  2.6315
  552   0.200  2.6325
  553   0.200  2.6335
  554   0.200  2.6345
  555   0.200  2.6355
  556   0.200  2.6365
  557   0.200  2.6375
  558   0.200  2.6385
  559   0.200  2.6395
  560   0.200  2.6405
  561   0.200  2.6415
  562   0.200  2.6425
  563   0.200  2.6435
  564   0.200  2.6445
  565   0.200  2.6455
  566   0.200  2.6465
  567   0.200  2.6475
  568   0.200  2.6485
  569   0.200  2.6495
  570   0.200  2.6505
  571   0.200  2.6515
  572   0.200  2.6525
  573   0.200  2.6535
  574   0.200  2.6545
  575   0.200  2.6555
  576   0.200  2.6565
  577   0.200  2.6575
  578   0.200  2.6585
  579   0.200  2.6595
  580   0.200  2.6605
  581   0.200  2.6615
  582   0.200  2.6625
  583   0.200  2.6635
  584   0.200  2.6645
  585   0.200  2.6655
  586   0.200  2.6665
  587   0.200  2.6675
  588   0.200  2.6685
  589   0.200  2.6695
  590   0.200  2.6705
  591   0.200  2.6715
  592   0.200  2.6725
  593   0.200  2.6735
  594   0.200  2.6745
  595   0.200  2.6755
  596   0.200  2.6765
  597   0.200  2.6775
  598   0.200  2.6785
  599   0.200  2.6795

  600   0.200  2.6805
  601   0.200  2.6815
  602   0.200  2.6825
  603   0.200  2.6835
  604   0.200  2.6845
  605   0.200  2.6855
  606   0.200  2.6865
  607   0.200  2.6875
  608   0.200  2.6885
  609   0.200  2.6895
  610   0.200  2.6905
  611   0.200  2.6915
  612   0.200  2.6925
  613   0.200  2.6935
  614   0.200  2.6945
  615   0.200  2.6955
  616   0.200  2.6965
  617   0.200  2.6975
  618   0.200  2.6985
  619   0.200  2.6995
  620   0.200  2.7005
  621   0.200  2.7015
  622   0.200  2.7025
  623   0.200  2.7035
  624   0.200  2.7045
  625   0.200  2.7055
  626   0.200  2.7065
  627   0.200  2.7075
  628   0.200  2.7085
  629   0.200  2.7095
  630   0.200  2.7105
  631   0.200  2.7115
  632   0.200  2.7125
  633   0.200  2.7135
  634   0.200  2.7145
  635   0.200  2.7155
  636   0.200  2.7165
  637   0.200  2.7175
  638   0.200  2.7185
  639   0.200  2.7195
  640   0.200  2.7205
  641   0.200  2.7215
  642   0.200  2.7225
  643   0.200  2.7235
  644   0.200  2.7245
  645   0.200  2.7255
  646   0.200  2.7265
  647   0.200  2.7275
  648   0.200  2.7285
  649   0.200  2.7295
  650   0.200  2.7305
  651   0.200  2.7315
  652   0.200  2.7325
  653   0.200  2.7335
  654   0.200  2.7345
  655   0.200  2.7355
  656   0.200  2.7365
  657   0.200  2.7375
  658   0.200  2.7385
  659   0.200  2.7395
  660   0.200  2.7405
  661   0.200  2.7415
  662   0.200  2.7425
  663   0.200  2.7435
  664   0.200  2.7445
  665   0.200  2.7455
  666   0.200  2.7465
  667   0.200  2.7475
  668   0.200  2.7485
  669   0.200  2.7495
  670   0.200  2.7505
  671   0.200  2.7515
  672   0.200  2.7525
  673   0.200  2.7535
  674   0.200  2.7545
  675   0.200  2.7555
  676   0.200  2.7565
  677   0.200  2.7575
  678   0.200  2.7585
  679   0.200  2.7595
  680   0.200  2.7605
  681   0.200  2.7615
  682   0.200  2.7625
  683   0.200  2.7635
  684   0.200  2.7645
  685   0.200  2.7655
  686   0.200  2.7665
  687   0.200  2.7675
  688   0.200  2.7685
  689   0.200  2.7695
  690   0.200  2.7705
  691   0.200  2.7715
  692   0.200  2.7725
  693   0.200  2.7735
  694   0.200  2.7745
  695   0.200  2.7755
  696   0.200  2.7765
  697   0.200  2.7775
  698   0.200  2.7785
  699   0.200  2.7795
  700   0.200  2.7805
  701   0.200  2.7815
  702   0.200  2.7825
  703   0.200  2.7835
  704   0.200  2.7845
  705   0.200  2.7855
  706   0.200  2.7865
  707   0.200  2.7875
  708   0.200  2.7885
  709   0.200  2.7895
  710   0.200  2.7905
  711   0.200  2.7915
  712   0.200  2.7925
  713   0.200  2.7935
  714   0.200  2.7945
  715   0.200  2.7955
  716   0.200  2.7965
  717   0.200  2.7975
  718   0.200  2.7985
  719   0.200  2.7995
  720   0.200  2.8005
  721   0.200  2.8015
  722   0.200  2.8025
  723   0.200  2.8035
  724   0.200  2.8045
  725   0.200  2.8055
  726   0.200  2.8065
  727   0.200  2.8075
  728   0.200  2.8085
  729   0.200  2.8095
  730   0.200  2.8105
  731   0.200  2.8115
  732   0.200  2.8125
  733   0.200  2.8135
  734   0.200  2.8145
  735   0.200  2.8155
  736   0.200  2.8165
  737   0.200  2.8175
  738   0.200  2.8185
  739   0.200  2.8195
  740   0.200  2.8205
  741   0.200  2.8215
  742   0.200  2.8225
  743   0.200  2.8235
  744   0.200  2.8245
  745   0.200  2.8255
  746   0.200  2.8265
  747   0.200  2.8275
  748   0.200  2.8285
  749   0.200  2.8295
  750   0.200  2.8305
  751   0.200  2.8315
  752   0.200  2.8325
  753   0.200  2.8335
  754   0.200  2.8345
  755   0.200  2.8355
  756   0.200  2.8365
  757   0.200  2.8375
  758   0.200  2.8385
  759   0.200  2.8395
  760   0.200  2.8405
  761   0.200  2.8415
  762   0.200  2.8425
  763   0.200  2.8435
  764   0.200  2.8445
  765   0.200  2.8455
  766   0.200  2.8465
  767   0.200  2.8475
  768   0.200  2.8485
  769   0.200  2.8495
  770   0.200  2.8505
  771   0.200  2.8515
  772   0.200  2.8525
  773   0.200  2.8535
  774   0.200  2.8545
  775   0.200  2.8555
  776   0.200  2.8565
  777   0.200  2.8575
  778   0.200  2.8585
  779   0.200  2.8595
  780   0.200  2.8605
  781   0.200  2.8615
  782   0.200  2.8625
  783   0.200  2.8635
  784   0.200  2.8645
  785   0.200  2.8655
  786   0.200  2.8665
  787   0.200  2.8675
  788   0.200  2.8685
  789   0.200  2.8695
  790   0.200  2.8705
  791   0.200  2.8715
  792   0.200  2.8725
  793   0.200  2.8735
  794   0.200  2.8745
  795   0.200  2.8755
  796   0.200  2.8765
  797   0.200  2.8775
  798   0.200  2.8785
  799   0.200  2.8795

  800   0.200  2.8805
  801   0.200  2.8815
  802   0.200  2.8825
  803   0.200  2.8835
  804   0.200  2.8845
  805   0.200  2.8855
  806   0.200  2.8865
  807   0.200  2.8875
  808   0.200  2.8885
  809   0.200  2.8895
  810   0.200  2.8905
  811   0.200  2.8915
  812   0.200  2.8925
  813   0.200  2.8935
  814   0.200  2.8945
  815   0.200  2.8955
  816   0.200  2.8965
  817   0.200  2.8975
  818   0.200  2.8985
  819   0.200  2.8995
  820   0.200  2.9005
  821   0.200  2.9015
  822   0.200  2.9025
  823   0.200  2.9035
  824   0.200  2.9045
  825   0.200  2.9055
  826   0.200  2.9065
  827   0.200  2.9075
  828   0.200  2.9085
  829   0.200  2.9095
  830   0.200  2.9105
  831   0.200  2.9115
  832   0.200  2.9125
  833   0.200  2.9135
  834   0.200  2.9145
  835   0.200  2.9155
  836   0.200  2.9165
  837   0.200  2.9175
  838   0.200  2.9185
  839   0.200  2.9195
  840   0.200  2.9205
  841   0.200  2.9215
  842   0.200  2.9225
  843   0.200  2.9235
  844   0.200  2.9245
  845   0.200  2.9255
  846   0.200  2.9265
  847   0.200  2.9275
  848   0.200  2.9285
  849   0.200  2.9295
  850   0.200  2.9305
  851   0.200  2.9315
  852   0.200  2.9325
  853   0.200  2.9335
  854   0.200  2.9345
  855   0.200  2.9355
  856   0.200  2.9365
  857   0.200  2.9375
  858   0.200  2.9385
  859   0.200  2.9395
  860   0.200  2.9405
  861   0.200  2.9415
  862   0.200  2.9425
  863   0.200  2.9435
  864   0.200  2.9445
  865   0.200  2.9455
  866   0.200  2.9465
  867   0.200  2.9475
  868   0.200  2.9485
  869   0.200  2.9495
  870   0.200  2.9505
  871   0.200  2.9515
  872   0.200  2.9525
  873   0.200  2.9535
  874   0.200  2.9545
  875   0.200  2.9555
  876   0.200  2.9565
  877   0.200  2.9575
  878   0.200  2.9585
  879   0.200  2.9595
  880   0.200  2.9605
  881   0.200  2.9615
  882   0.200  2.9625
  883   0.200  2.9635
  884   0.200  2.9645
  885   0.200  2.9655
  886   0.200  2.9665
  887   0.200  2.9675
  888   0.200  2.9685
  889   0.200  2.9695
  890   0.200  2.9705
  891   0.200  2.9715
  892   0.200  2.9725
  893   0.200  2.9735
  894   0.200  2.9745
  895   0.200  2.9755
  896   0.200  2.9765
  897   0.200  2.9775
  898   0.200  2.9785
  899   0.200  2.9795
  900   0.200  2.9805
  901   0.200  2.9815
  902   0.200  2.9825
  903   0.200  2.9835
  904   0.200  2.9845
  905   0.200  2.9855
  906   0.200  2.9865
  907   0.200  2.9875
  908   0.200  2.9885
  909   0.200  2.9895
  910   0.200  2.9905
  911   0.200  2.9915
  912   0.200  2.9925
  913   0.200  2.9935
  914   0.200  2.9945
  915   0.200  2.9955
  916   0.200  2.9965
  917   0.200  2.9975
  918   0.200  2.9985
  919   0.200  2.9995
  920   0.200  3.0005
  921   0.200  3.0015
  922   0.200  3.0025
  923   0.200  3.0035
  924   0.200  3.0045
  925   0.200  3.0055
  926   0.200  3.0065
  927   0.200  3.0075
  928   0.200  3.0085
  929   0.200  3.0095
  930   0.200  3.0105
  931   0.200  3.0115
  932   0.200  3.0125
  933   0.200  3.0135
  934   0.200  3.0145
  935   0.200  3.0155
  936   0.200  3.0165
  937   0.200  3.0175
  938   0.200  3.0185
  939   0.200  3.0195
  940   0.200  3.0205
  941   0.200  3.0215
  942   0.200  3.0225
  943   0.200  3.0235
  944   0.200  3.0245
  945   0.200  3.0255
  946   0.200  3.0265
  947   0.200  3.0275
  948   0.200  3.0285
  949   0.200  3.0295
  950   0.200  3.0305
  951   0.200  3.0315
  952   0.200  3.0325
  953   0.200  3.0335
  954   0.200  3.0345
  955   0.200  3.0355
  956   0.200  3.0365
  957   0.200  3.0375
  958   0.200  3.0385
  959   0.200  3.0395
  960   0.200  3.0405
  961   0.200  3.0415
  962   0.200  3.0425
  963   0.200  3.0435
  964   0.200  3.0445
  965   0.200  3.0455
  966   0.200  3.0465
  967   0.200  3.0475
  968   0.200  3.0485
  969   0.200  3.0495
  970   0.200  3.0505
  971   0.200  3.0515
  972   0.200  3.0525
  973   0.200  3.0535
  974   0.200  3.0545
  975   0.200  3.0555
  976   0.200  3.0565
  977   0.200  3.0575
  978   0.200  3.0585
  979   0.200  3.0595
  980   0.200  3.0605
  981   0.200  3.0615
  982   0.200  3.0625
  983   0.200  3.0635
  984   0.200  3.0645
  985   0.200  3.0655
  986   0.200  3.0665
  987   0.200  3.0675
  988   0.200  3.0685
  989   0.200  3.0695
  990   0.200  3.0705
  991   0.200  3.0715
  992   0.200  3.0725
  993   0.200  3.0735
  994   0.200  3.0745
  995   0.200  3.0755
  996   0.200  3.0765
  997   0.200  3.0775
  998   0.200  3.0785
  999   0.200  3.0795

 1000   0.200  3.0805
 1001   0.200  3.0815
 1002   0.200  3.0825
 1003   0.200  3.0835
 1004   0.200  3.0845
 1005   0.200  3.0855
 1006   0.200  3.0865
 1007   0.200  3.0875
 1008   0.200  3.0885
 1009   0.200  3.0895
 1010   0.200  3.0905
 1011   0.200  3.0915
 1012   0.200  3.0925
 1013   0.200  3.0935
 1014   0.200  3.0945
 1015   0.200  3.0955
 1016   0.200  3.0965
 1017   0.200  3.0975
 1018   0.200  3.0985
 1019   0.200  3.0995
 1020   0.200  3.1005
 1021   0.200  3.1015
 1022   0.200  3.1025
 1023   0.200  3.1035
 1024   0.200  3.1045
 1025   0.200  3.1055
 1026   0.200  3.1065
 1027   0.200  3.1075
 1028   0.200  3.1085
 1029   0.200  3.1095
 1030   0.200  3.1105
 1031   0.200  3.1115
 1032   0.200  3.1125
 1033   0.200  3.1135
 1034   0.200  3.1145
 1035   0.200  3.1155
 1036   0.200  3.1165
 1037   0.200  3.1175
 1038   0.200  3.1185
 1039   0.200  3.1195
 1040   0.200  3.1205
 1041   0.200  3.1215
 1042   0.200  3.1225
 1043   0.200  3.1235
 1044   0.200  3.1245
 1045   0.200  3.1255
 1046   0.200  3.1265
 1047   0.200  3.1275
 1048   0.200  3.1285
 1049   0.200  3.1295
 1050   0.200  3.1305
 1051   0.200  3.1315
 1052   0.200  3.1325
 1053   0.200  3.1335
 1054   0.200  3.1345
 1055   0.200  3.1355
 1056   0.200  3.1365
 1057   0.200  3.1375
 1058   0.200  3.1385
 1059   0.200  3.1395
 1060   0.200  3.1405
 1061   0.200  3.1415
 1062   0.200  3.1425
 1063   0.200  3.1435
 1064   0.200  3.1445
 1065   0.200  3.1455
 1066   0.200  3.1465
 1067   0.200  3.1475
 1068   0.200  3.1485
 1069   0.200  3.1495
 1070   0.200  3.1505
 1071   0.200  3.1515
 1072   0.200  3.1525
 1073   0.200  3.1535
 1074   0.200  3.1545
 1075   0.200  3.1555
 1076   0.200  3.1565
 1077   0.200  3.1575
 1078   0.200  3.1585
 1079   0.200  3.1595
 1080   0.200  3.1605
 1081   0.200  3.1615
 1082   0.200  3.1625
 1083   0.200  3.1635
 1084   0.200  3.1645
 1085   0.200  3.1655
 1086   0.200  3.1665
 1087   0.200  3.1675
 1088   0.200  3.1685
 1089   0.200  3.1695
 1090   0.200  3.1705
 1091   0.200  3.1715
 1092   0.200  3.1725
 1093   0.200  3.1735
 1094   0.200  3.1745
 1095   0.200  3.1755
 1096   0.200  3.1765
 1097   0.200  3.1775
 1098   0.200  3.1785
 1099   0.200  3.1795
 1100   0.200  3.1805
 1101   0.200  3.1815
 1102   0.200  3.1825
 1103   0.200  3.1835
 1104   0.200  3.1845
 1105   0.200  3.1855
 1106   0.200  3.1865
 1107   0.200  3.1875
 1108   0.200  3.1885
 1109   0.200  3.1895
 1110   0.200  3.1905
 1111   0.200  3.1915
 1112   0.200  3.1925
 1113   0.200  3.1935
 1114   0.200  3.1945
 1115   0.200  3.1955
 1116   0.200  3.1965
 1117   0.200  3.1975
 1118   0.200  3.1985
 1119   0.200  3.1995
 1120   0.200  3.2005
 1121   0.200  3.2015
 1122   0.200  3.2025
 1123   0.200  3.2035
 1124   0.200  3.2045
 1125   0.200  3.2055
 1126   0.200  3.2065
 1127   0.200  3.2075
 1128   0.200  3.2085
 1129   0.200  3.2095
 1130   0.200  3.2105
 1131   0.200  3.2115
 1132   0.200  3.2125
 1133   0.200  3.2135
 1134   0.200  3.2145
 1135   0.200  3.2155
 1136   0.200  3.2165
 1137   0.200  3.2175
 1138   0.200  3.2185
 1139   0.200  3.2195
 1140   0.200  3.2205
 1141   0.200  3.2215
 1142   0.200  3.2225
 1143   0.200  3.2235
 1144   0.200  3.2245
 1145   0.200  3.2255
 1146   0.200  3.2265
 1147   0.200  3.2275
 1148   0.200  3.2285
 1149   0.200  3.2295
 1150   0.200  3.2305
 1151   0.200  3.2315
 1152   0.200  3.2325
 1153   0.200  3.2335
 1154   0.200  3.2345
 1155   0.200  3.2355
 1156   0.200  3.2365
 1157   0.200  3.2375
 1158   0.200  3.2385
 1159   0.200  3.2395
 1160   0.200  3.2405
 1161   0.200  3.2415
 1162   0.200  3.2425
 1163   0.200  3.2435
 1164   0.200  3.2445
 1165   0.200  3.2455
 1166   0.200  3.2465
 1167   0.200  3.2475
 1168   0.200  3.2485
 1169   0.200  3.2495
 1170   0.200  3.2505
 1171   0.200  3.2515
 1172   0.200  3.2525
 1173   0.200  3.2535
 1174   0.200  3.2545
 1175   0.200  3.2555
 1176   0.200  3.2565
 1177   0.200  3.2575
 1178   0.200  3.2585
 1179   0.200  3.2595
 1180   0.200  3.2605
 1181   0.200  3.2615
 1182   0.200  3.2625
 1183   0.200  3.2635
 1184   0.200  3.2645
 1185   0.200  3.2655
 1186   0.200  3.2665
 1187   0.200  3.2675
 1188   0.200  3.2685
 1189   0.200  3.2695
 1190   0.200  3.2705
 1191   0.200  3.2715
 1192   0.200  3.2725
 1193   0.200  3.2735
 1194   0.200  3.2745
 1195   0.200  3.2755
 1196   0.200  3.2765
 1197   0.200  3.2775
 1198   0.200  3.2785
 1199   0.200  3.2795

 1200   0.200  3.2805
 1201   0.200  3.2815
 1202   0.200  3.2825
 1203   0.200  3.2835
 1204   0.200  3.2845
 1205   0.200  3.2855
 1206   0.200  3.2865
 1207   0.200  3.2875
 1208   0.200  3.2885
 1209   0.200  3.2895
 1210   0.200  3.2905
 1211   0.200  3.2915
 1212   0.200  3.2925
 1213   0.200  3.2935
 1214   0.200  3.2945
 1215   0.200  3.2955
 1216   0.200  3.2965
 1217   0.200  3.2975
 1218   0.200  3.2985
 1219   0.200  3.2995
 1220   0.200  3.3005
 1221   0.200  3.3015
 1222   0.200  3.3025
 1223   0.200  3.3035
 1224   0.200  3.3045
 1225   0.200  3.3055
 1226   0.200  3.3065
 1227   0.200  3.3075
 1228   0.200  3.3085
 1229   0.200  3.3095
 1230   0.200  3.3105
 1231   0.200  3.3115
 1232   0.200  3.3125
 1233   0.200  3.3135
 1234   0.200  3.3145
 1235   0.200  3.3155
 1236   0.200  3.3165
 1237   0.200  3.3175
 1238   0.200  3.3185
 1239   0.200  3.3195
 1240   0.200  3.3205
 1241   0.200  3.3215
 1242   0.200  3.3225
 1243   0.200  3.3235
 1244   0.200  3.3245
 1245   0.200  3.3255
 1246   0.200  3.3265
 1247   0.200  3.3275
 1248   0.200  3.3285
 1249   0.200  3.3295
 1250   0.200  3.3305
 1251   0.200  3.3315
 1252   0.200  3.3325
 1253   0.200  3.3335
 1254   0.200  3.3345
 1255   0.200  3.3355
 1256   0.200  3.3365
 1257   0.200  3.3375
 1258   0.200  3.3385
 1259   0.200  3.3395
 1260   0.200  3.3405
 1261   0.200  3.3415
 1262   0.200  3.3425
 1263   0.200  3.3435
 1264   0.200  3.3445
 1265   0.200  3.3455
 1266   0.200  3.3465
 1267   0.200  3.3475
 1268   0.200  3.3485
 1269   0.200  3.3495
 1270   0.200  3.3505
 1271   0.200  3.3515
 1272   0.200  3.3525
 1273   0.200  3.3535
 1274   0.200  3.3545
 1275   0.200  3.3555
 1276   0.200  3.3565
 1277   0.200  3.3575
 1278   0.200  3.3585
 1279   0.200  3.3595
 1280   0.200  3.3605
 1281   0.200  3.3615
 1282   0.200  3.3625
 1283   0.200  3.3635
 1284   0.200  3.3645
 1285   0.200  3.3655
 1286   0.200  3.3665
 1287   0.200  3.3675
 1288   0.200  3.3685
 1289   0.200  3.3695
 1290   0.200  3.3705
 1291   0.200  3.3715
 1292   0.200  3.3725
 1293   0.200  3.3735
 1294   0.200  3.3745
 1295   0.200  3.3755
 1296   0.200  3.3765
 1297   0.200  3.3775
 1298   0.200  3.3785
 1299   0.200  3.3795
 1300   0.200  3.3805
 1301   0.200  3.3815
 1302   0.200  3.3825
 1303   0.200  3.3835
 1304   0.200  3.3845
 1305   0.200  3.3855
 1306   0.200  3.3865
 1307   0.200  3.3875
 1308   0.200  3.3885
 1309   0.200  3.3895
 1310   0.200  3.3905
 1311   0.200  3.3915
 1312   0.200  3.3925
 1313   0.200  3.3935
 1314   0.200  3.3945
 1315   0.200  3.3955
 1316   0.200  3.3965
 1317   0.200  3.3975
 1318   0.200  3.3985
 1319   0.200  3.3995
 1320   0.200  3.4005
 1321   0.200  3.4015
 1322   0.200  3.4025
 1323   0.200  3.4035
 1324   0.200  3.4045
 1325   0.200  3.4055
 1326   0.200  3.4065
 1327   0.200  3.4075
 1328   0.200  3.4085
 1329   0.200  3.4095
 1330   0.200  3.4105
 1331   0.200  3.4115
 1332   0.200  3.4125
 1333   0.200  3.4135
 1334   0.200  3.4145
 1335   0.200  3.4155
 1336   0.200  3.4165
 1337   0.200  3.4175
 1338   0.200  3.4185
 1339   0.200  3.4195
 1340   0.200  3.4205
 1341   0.200  3.4215
 1342   0.200  3.4225
 1343   0.200  3.4235
 1344   0.200  3.4245
 1345   0.200  3.4255
 1346   0.200  3.4265
 1347   0.200  3.4275
 1348   0.200  3.4285
 1349   0.200  3.4295
 1350   0.200  3.4305
 1351   0.200  3.4315
 1352   0.200  3.4325
 1353   0.200  3.4335
 1354   0.200  3.4345
 1355   0.200  3.4355
 1356   0.200  3.4365
 1357   0.200  3.4375
 1358   0.200  3.4385
 1359   0.200  3.4395
 1360   0.200  3.4405
 1361   0.200  3.4415
 1362   0.200  3.4425
 1363   0.200  3.4435
 1364   0.200  3.4445
 1365   0.200  3.4455
 1366   0.200  3.4465
 1367   0.200  3.4475
 1368   0.200  3.4485
 1369   0.200  3.4495
 1370   0.200  3.4505
 1371   0.200  3.4515
 1372   0.200  3.4525
 1373   0.200  3.4535
 1374   0.200  3.4545
 1375   0.200  3.4555
 1376   0.200  3.4565
 1377   0.200  3.4575
 1378   0.200  3.4585
 1379   0.200  3.4595
 1380   0.200  3.4605
 1381   0.200  3.4615
 1382   0.200  3.4625
 1383   0.200  3.4635
 1384   0.200  3.4645
 1385   0.200  3.4655
 1386   0.200  3.4665
 1387   0.200  3.4675
 1388   0.200  3.4685
 1389   0.200  3.4695
 1390   0.200  3.4705
 1391   0.200  3.4715
 1392   0.200  3.4725
 1393   0.200  3.4735
 1394   0.200  3.4745
 1395   0.200  3.4755
 1396   0.200  3.4765
 1397   0.200  3.4775
 1398   0.200  3.4785
 1399   0.200  3.4795

 1400   0.200  3.4805
 1401   0.200  3.4815
 1402   0.200  3.4825
 1403   0.200  3.4835
 1404   0.200  3.4845
 1405   0.200  3.4855
 1406   0.200  3.4865
 1407   0.200  3.4875
 1408   0.200  3.4885
 1409   0.200  3.4895
 1410   0.200  3.4905
 1411   0.200  3.4915
 1412   0.200  3.4925
 1413   0.200  3.4935
 1414   0.200  3.4945
 1415   0.200  3.4955
 1416   0.200  3.4965
 1417   0.200  3.4975
 1418   0.200  3.4985
 1419   0.200  3.4995
 1420   0.200  3.5005
 1421   0.200  3.5015
 1422   0.200  3.5025
 1423   0.200  3.5035
 1424   0.200  3.5045
 1425   0.200  3.5055
 1426   0.200  3.5065
 1427   0.200  3.5075
 1428   0.200  3.5085
 1429   0.200  3.5095
 1430   0.200  3.5105
 1431   0.200  3.5115
 1432   0.200  3.5125
 1433   0.200  3.5135
 1434   0.200  3.5145
 1435   0.200  3.5155
 1436   0.200  3.5165
 1437   0.200  3.5175
 1438   0.200  3.5185
 1439   0.200  3.5195
 1440   0.200  3.5205
 1441   0.200  3.5215
 1442   0.200  3.5225
 1443   0.200  3.5235
 1444   0.200  3.5245
 1445   0.200  3.5255
 1446   0.200  3.5265
 1447   0.200  3.5275
 1448   0.200  3.5285
 1449   0.200  3.5295
 1450   0.200  3.5305
 1451   0.200  3.5315
 1452   0.201  3.5388
 1453   0.202  3.5461
 1454   0.203  3.5533
 1455   0.204  3.5605
 1456   0.205  3.5677
 1457   0.206  3.5748
 1458   0.207  3.5819
 1459   0.208  3.5888
 1460   0.209  3.5958
 1461   0.210  3.6024
 1462   0.211  3.6095
 1463   0.212  3.6164
 1464   0.213  3.6232
 1465   0.214  3.6300
 1466   0.215  3.6369
 1467   0.216  3.6436
 1468   0.217  3.6504
 1469   0.218  3.6571
 1470   0.219  3.6637
 1471   0.220  3.6703
 1472   0.221  3.6771
 1473   0.222  3.6837
 1474   0.223  3.6902
 1475   0.224  3.6969
 1476   0.225  3.7034
 1477   0.226  3.7101
 1478   0.227  3.7166
 1479   0.228  3.7231
 1480   0.229  3.7298
 1481   0.230  3.7360
 1482   0.231  3.7436
 1483   0.232  3.7494
 1484   0.233  3.7553
 1485   0.234  3.7619
 1486   0.235  3.7677
 1487   0.236  3.7739
 1488   0.237  3.7803
 1489   0.238  3.7861
 1490   0.239  3.7925
 1491   0.240  3.7985
 1492   0.241  3.8044
 1493   0.242  3.8108
 1494   0.243  3.8173
 1495   0.244  3.8230
 1496   0.245  3.8291
 1497   0.246  3.8357
 1498   0.247  3.8417
 1499   0.248  3.8480
 1500   0.249  3.8541
 1501   0.250  3.8603
 1502   0.251  3.8660
 1503   0.252  3.8721
 1504   0.253  3.8782
 1505   0.254  3.8842
 1506   0.255  3.8904
 1507   0.256  3.8964
 1508   0.257  3.9024
 1509   0.258  3.9085
 1510   0.259  3.9145
 1511   0.260  3.9204
 1512   0.261  3.9263
 1513   0.262  3.9329
 1514   0.263  3.9388
 1515   0.264  3.9450
 1516   0.265  3.9510
 1517   0.266  3.9569
 1518   0.267  3.9631
 1519   0.268  3.9693
 1520   0.269  3.9747
 1521   0.270  3.9813
 1522   0.271  3.9872
 1523   0.272  3.9933
 1524   0.273  3.9996
 1525   0.274  4.0054
 1526   0.275  4.0114
 1527   0.276  4.0173
 1528   0.277  4.0231
 1529   0.278  4.0292
 1530   0.279  4.0348
 1531   0.280  4.0403
 1532   0.281  4.0462
 1533   0.282  4.0521
 1534   0.283  4.0578
 1535   0.284  4.0634
 1536   0.285  4.0693
 1537   0.286  4.0749
 1538   0.287  4.0803
 1539   0.288  4.0859
 1540   0.289  4.0915
 1541   0.290  4.0971
 1542   0.291  4.1025
 1543   0.292  4.1077
 1544   0.293  4.1133
 1545   0.294  4.1187
 1546   0.295  4.1241
 1547   0.296  4.1293
 1548   0.297  4.1346
 1549   0.298  4.1404
 1550   0.299  4.1456
 1551   0.300  4.1508
 1552   0.301  4.1560
 1553   0.302  4.1614
 1554   0.303  4.1666
 1555   0.304  4.1718
 1556   0.305  4.1770
 1557   0.306  4.1823
 1558   0.307  4.1874
 1559   0.308  4.1929
 1560   0.309  4.1978
 1561   0.310  4.2031
 1562   0.311  4.2084
 1563   0.312  4.2134
 1564   0.313  4.2183
 1565   0.314  4.2235
 1566   0.315  4.2286
 1567   0.316  4.2336
 1568   0.317  4.2386
 1569   0.318  4.2435
 1570   0.319  4.2488
 1571   0.320  4.2537
 1572   0.321  4.2586
 1573   0.322  4.2636
 1574   0.323  4.2687
 1575   0.324  4.2735
 1576   0.325  4.2785
 1577   0.326  4.2837
 1578   0.327  4.2885
 1579   0.328  4.2936
 1580   0.329  4.2985
 1581   0.330  4.3034
 1582   0.331  4.3085
 1583   0.332  4.3135
 1584   0.333  4.3184
 1585   0.334  4.3234
 1586   0.335  4.3284
 1587   0.336  4.3334
 1588   0.337  4.3385
 1589   0.338  4.3433
 1590   0.339  4.3484
 1591   0.340  4.3535
 1592   0.341  4.3584
 1593   0.342  4.3635
 1594   0.343  4.3683
 1595   0.344  4.3735
 1596   0.345  4.3786
 1597   0.346  4.3838
 1598   0.347  4.3888
 1599   0.348  4.3939

 1600   0.349  4.3992
 1601   0.350  4.4041
 1602   0.351  4.4094
 1603   0.352  4.4146
 1604   0.353  4.4197
 1605   0.354  4.4248
 1606   0.355  4.4300
 1607   0.356  4.4351
 1608   0.357  4.4402
 1609   0.358  4.4452
 1610   0.359  4.4504
 1611   0.360  4.4554
 1612   0.361  4.4604
 1613   0.362  4.4653
 1614   0.363  4.4704
 1615   0.364  4.4753
 1616   0.365  4.4802
 1617   0.366  4.4851
 1618   0.367  4.4901
 1619   0.368  4.4950
 1620   0.369  4.4999
 1621   0.370  4.5048
 1622   0.371  4.5098
 1623   0.372  4.5146
 1624   0.373  4.5196
 1625   0.374  4.5244
 1626   0.375  4.5295
 1627   0.376  4.5343
 1628   0.377  4.5393
 1629   0.378  4.5442
 1630   0.379  4.5491
 1631   0.380  4.5540
 1632   0.381  4.5588
 1633   0.382  4.5639
 1634   0.383  4.5686
 1635   0.384  4.5735
 1636   0.385  4.5785
 1637   0.386  4.5832
 1638   0.387  4.5882
 1639   0.388  4.5930
 1640   0.389  4.5978
 1641   0.390  4.6026
 1642   0.391  4.6075
 1643   0.392  4.6122
 1644   0.393  4.6170
 1645   0.394  4.6218
 1646   0.395  4.6266
 1647   0.396  4.6314
 1648   0.397  4.6361
 1649   0.398  4.6408
 1650   0.399  4.6455
 1651   0.400  4.6502
 1652   0.401  4.6550
 1653   0.402  4.6597
 1654   0.403  4.6644
 1655   0.404  4.6691
 1656   0.405  4.6738
 1657   0.406  4.6784
 1658   0.407  4.6831
 1659   0.408  4.6878
 1660   0.409  4.6925
 1661   0.410  4.6971
 1662   0.411  4.7019
 1663   0.412  4.7065
 1664   0.413  4.7112
 1665   0.414  4.7158
 1666   0.415  4.7204
 1667   0.416  4.7251
 1668   0.417  4.7298
 1669   0.418  4.7344
 1670   0.419  4.7390
 1671   0.420  4.7437
 1672   0.421  4.7484
 1673   0.422  4.7530
 1674   0.423  4.7576
 1675   0.424  4.7623
 1676   0.425  4.7669
 1677   0.426  4.7715
 1678   0.427  4.7763
 1679   0.428  4.7810
 1680   0.429  4.7856
 1681   0.430  4.7903
 1682   0.431  4.7950
 1683   0.432  4.7996
 1684   0.433  4.8043
 1685   0.434  4.8090
 1686   0.435  4.8136
 1687   0.436  4.8181
 1688   0.437  4.8228
 1689   0.438  4.8274
 1690   0.439  4.8319
 1691   0.440  4.8366
 1692   0.441  4.8412
 1693   0.442  4.8458
 1694   0.443  4.8503
 1695   0.444  4.8548
 1696   0.445  4.8594
 1697   0.446  4.8639
 1698   0.447  4.8685
 1699   0.448  4.8729
 1700   0.449  4.8775
 1701   0.450  4.8819
 1702   0.451  4.8865
 1703   0.452  4.8910
 1704   0.453  4.8954
 1705   0.454  4.8999
 1706   0.455  4.9044
 1707   0.456  4.9089
 1708   0.457  4.9133
 1709   0.458  4.9177
 1710   0.459  4.9222
 1711   0.460  4.9267
 1712   0.461  4.9311
 1713   0.462  4.9355
 1714   0.463  4.9400
 1715   0.464  4.9442
 1716   0.465  4.9484
 1717   0.466  4.9526
 1718   0.467  4.9568
 1719   0.468  4.9611
 1720   0.469  4.9652
 1721   0.470  4.9694
 1722   0.471  4.9736
 1723   0.472  4.9778
 1724   0.473  4.9820
 1725   0.474  4.9861
 1726   0.475  4.9903
 1727   0.476  4.9946
 1728   0.477  4.9987
 1729   0.478  5.0028
 1730   0.479  5.0070
 1731   0.480  5.0111
 1732   0.481  5.0153
 1733   0.482  5.0194
 1734   0.483  5.0235
 1735   0.484  5.0276
 1736   0.485  5.0318
 1737   0.486  5.0360
 1738   0.487  5.0400
 1739   0.488  5.0441
 1740   0.489  5.0482
 1741   0.490  5.0524
 1742   0.491  5.0565
 1743   0.492  5.0605
 1744   0.493  5.0645
 1745   0.494  5.0686
 1746   0.495  5.0727
 1747   0.496  5.0768
 1748   0.497  5.0808
 1749   0.498  5.0849
 1750   0.499  5.0889
 1751   0.500  5.0930
 1752   0.501  5.0974
 1753   0.502  5.1016
 1754   0.503  5.1059
 1755   0.504  5.1102
 1756   0.505  5.1145
 1757   0.506  5.1189
 1758   0.507  5.1231
 1759   0.508  5.1274
 1760   0.509  5.1317
 1761   0.510  5.1360
 1762   0.511  5.1403
 1763   0.512  5.1446
 1764   0.513  5.1488
 1765   0.514  5.1531
 1766   0.515  5.1575
 1767   0.516  5.1621
 1768   0.517  5.1667
 1769   0.518  5.1714
 1770   0.519  5.1759
 1771   0.520  5.1804
 1772   0.521  5.1849
 1773   0.522  5.1895
 1774   0.523  5.1940
 1775   0.524  5.1986
 1776   0.525  5.2031
 1777   0.526  5.2076
 1778   0.527  5.2122
 1779   0.528  5.2168
 1780   0.529  5.2214
 1781   0.530  5.2259
 1782   0.531  5.2305
 1783   0.532  5.2351
 1784   0.533  5.2397
 1785   0.534  5.2443
 1786   0.535  5.2489
 1787   0.536  5.2535
 1788   0.537  5.2581
 1789   0.538  5.2627
 1790   0.539  5.2674
 1791   0.540  5.2721
 1792   0.541  5.2768
 1793   0.542  5.2816
 1794   0.543  5.2863
 1795   0.544  5.2910
 1796   0.545  5.2957
 1797   0.546  5.3004
 1798   0.547  5.3051
 1799   0.548  5.3098

 1800   0.549  5.3146
 1801   0.550  5.3193
 1802   0.551  5.3241
 1803   0.552  5.3288
 1804   0.553  5.3335
 1805   0.554  5.3383
 1806   0.555  5.3430
 1807   0.556  5.3480
 1808   0.557  5.3538
 1809   0.558  5.3596
 1810   0.559  5.3654
 1811   0.560  5.3712
 1812   0.561  5.3770
 1813   0.562  5.3828
 1814   0.563  5.3886
 1815   0.564  5.3945
 1816   0.565  5.4004
 1817   0.566  5.4063
 1818   0.567  5.4122
 1819   0.568  5.4181
 1820   0.569  5.4240
 1821   0.570  5.4299
 1822   0.571  5.4358
 1823   0.572  5.4419
 1824   0.573  5.4479
 1825   0.574  5.4540
 1826   0.575  5.4600
 1827   0.576  5.4660
 1828   0.577  5.4721
 1829   0.578  5.4781
 1830   0.579  5.4841
 1831   0.580  5.4902
 1832   0.581  5.4964
 1833   0.582  5.5027
 1834   0.583  5.5089
 1835   0.584  5.5151
 1836   0.585  5.5213
 1837   0.586  5.5275
 1838   0.587  5.5337
 1839   0.588  5.5398
 1840   0.589  5.5460
 1841   0.590  5.5523
 1842   0.591  5.5587
 1843   0.592  5.5650
 1844   0.593  5.5713
 1845   0.594  5.5776
 1846   0.595  5.5839
 1847   0.596  5.5901
 1848   0.597  5.5963
 1849   0.598  5.6026
 1850   0.599  5.6088
 1851   0.600  5.6151