------ ------
M2     P     
(Msun) er (h)
------ ------
 0.040 1.4987
 0.041 1.4845
 0.042 1.4713
 0.043 1.4590
 0.044 1.4476
 0.045 1.4370
 0.046 1.4272
 0.047 1.4181
 0.048 1.4097
 0.049 1.4020
 0.050 1.3951
 0.051 1.3889
 0.052 1.3835
 0.053 1.3788
 0.054 1.3748
 0.055 1.3714
 0.056 1.3686
 0.057 1.3663
 0.058 1.3646
 0.059 1.3633
 0.060 1.3627
 0.061 1.3626
 0.062 1.3630
 0.063 1.3637
 0.064 1.3649
 0.065 1.3665
 0.066 1.3686
 0.067 1.3711
 0.068 1.3740
 0.069 1.3773
 0.070 1.3810
 0.071 1.3850
 0.072 1.3895
 0.073 1.3943
 0.074 1.3994
 0.075 1.4047
 0.076 1.4102
 0.077 1.4160
 0.078 1.4221
 0.079 1.4282
 0.080 1.4346
 0.081 1.4411
 0.082 1.4478
 0.083 1.4546
 0.084 1.4616
 0.085 1.4687
 0.086 1.4759
 0.087 1.4832
 0.088 1.4906
 0.089 1.4982
 0.090 1.5058
 0.091 1.5136
 0.092 1.5215
 0.093 1.5294
 0.094 1.5373
 0.095 1.5454
 0.096 1.5534
 0.097 1.5615
 0.098 1.5697
 0.099 1.5779
 0.100 1.5862
 0.101 1.5945
 0.102 1.6029
 0.103 1.6112
 0.104 1.6196
 0.105 1.6280
 0.106 1.6363
 0.107 1.6447
 0.108 1.6531
 0.109 1.6614
 0.110 1.6698
 0.111 1.6782
 0.112 1.6866
 0.113 1.6950
 0.114 1.7034
 0.115 1.7118
 0.116 1.7203
 0.117 1.7287
 0.118 1.7371
 0.119 1.7455
 0.120 1.7538
 0.121 1.7621
 0.122 1.7703
 0.123 1.7786
 0.124 1.7868
 0.125 1.7950
 0.126 1.8032
 0.127 1.8113
 0.128 1.8195
 0.129 1.8276
 0.130 1.8356
 0.131 1.8437
 0.132 1.8517
 0.133 1.8596
 0.134 1.8675
 0.135 1.8753
 0.136 1.8830
 0.137 1.8906
 0.138 1.8980
 0.139 1.9055
 0.140 1.9130
 0.141 1.9204
 0.142 1.9278
 0.143 1.9352
 0.144 1.9425
 0.145 1.9498
 0.146 1.9572
 0.147 1.9644
 0.148 1.9716
 0.149 1.9789
 0.150 1.9861
 0.151 1.9933
 0.152 2.0004
 0.153 2.0076
 0.154 2.0147
 0.155 2.0218
 0.156 2.0289
 0.157 2.0360
 0.158 2.0432
 0.159 2.0504
 0.160 2.0578
 0.161 2.0652
 0.162 2.0725
 0.163 2.0798
 0.164 2.0871
 0.165 2.0943
 0.166 2.1015
 0.167 2.1087
 0.168 2.1159
 0.169 2.1229
 0.170 2.1301
 0.171 2.1371
 0.172 2.1442
 0.173 2.1512
 0.174 2.1582
 0.175 2.1652
 0.176 2.1721
 0.177 2.1790
 0.178 2.1859
 0.179 2.1928
 0.180 2.1996
 0.181 2.2064
 0.182 2.2132
 0.183 2.2198
 0.184 2.2264
 0.185 2.2329
 0.186 2.2393
 0.187 2.2453
 0.188 2.2512
 0.189 2.2566
 0.190 2.2615
 0.191 2.2657
 0.192 2.2690
 0.193 2.2711
 0.194 2.2720
 0.195 2.2714
 0.196 2.2689
 0.197 2.2647
 0.198 2.2586
 0.199 2.2505
 0.200 2.2406
 0.200 2.2422
 0.200 2.2432
 0.200 2.2442
 0.200 2.2452
 0.200 2.2462
 0.200 2.2472
 0.200 2.2482
 0.200 2.2492
 0.200 2.2502
 0.200 2.2512
 0.200 2.2522
 0.200 2.2532
 0.200 2.2542
 0.200 2.2552
 0.200 2.2562
 0.200 2.2572
 0.200 2.2582
 0.200 2.2592
 0.200 2.2602
 0.200 2.2612
 0.200 2.2622
 0.200 2.2632
 0.200 2.2642
 0.200 2.2652
 0.200 2.2662
 0.200 2.2672
 0.200 2.2682
 0.200 2.2692
 0.200 2.2702
 0.200 2.2712
 0.200 2.2722
 0.200 2.2732
 0.200 2.2742
 0.200 2.2752
 0.200 2.2762
 0.200 2.2772
 0.200 2.2782
 0.200 2.2792
 0.200 2.2802
 0.200 2.2812
 0.200 2.2822
 0.200 2.2832
 0.200 2.2842
 0.200 2.2852
 0.200 2.2862
 0.200 2.2872
 0.200 2.2882
 0.200 2.2892
 0.200 2.2902
 0.200 2.2912
 0.200 2.2922
 0.200 2.2932
 0.200 2.2942
 0.200 2.2952
 0.200 2.2962
 0.200 2.2972
 0.200 2.2982
 0.200 2.2992
 0.200 2.3002
 0.200 2.3012
 0.200 2.3022
 0.200 2.3032
 0.200 2.3042
 0.200 2.3052
 0.200 2.3062
 0.200 2.3072
 0.200 2.3082
 0.200 2.3092
 0.200 2.3102
 0.200 2.3112
 0.200 2.3122
 0.200 2.3132
 0.200 2.3142
 0.200 2.3152
 0.200 2.3162
 0.200 2.3172
 0.200 2.3182
 0.200 2.3192
 0.200 2.3202
 0.200 2.3212
 0.200 2.3222
 0.200 2.3232
 0.200 2.3242
 0.200 2.3252
 0.200 2.3262
 0.200 2.3272
 0.200 2.3282
 0.200 2.3292
 0.200 2.3302
 0.200 2.3312
 0.200 2.3322
 0.200 2.3332
 0.200 2.3342
 0.200 2.3352
 0.200 2.3362
 0.200 2.3372
 0.200 2.3382
 0.200 2.3392
 0.200 2.3402
 0.200 2.3412
 0.200 2.3422
 0.200 2.3432
 0.200 2.3442
 0.200 2.3452
 0.200 2.3462
 0.200 2.3472
 0.200 2.3482
 0.200 2.3492
 0.200 2.3502
 0.200 2.3512
 0.200 2.3522
 0.200 2.3532
 0.200 2.3542
 0.200 2.3552
 0.200 2.3562
 0.200 2.3572
 0.200 2.3582
 0.200 2.3592
 0.200 2.3602
 0.200 2.3612
 0.200 2.3622
 0.200 2.3632
 0.200 2.3642
 0.200 2.3652
 0.200 2.3662
 0.200 2.3672
 0.200 2.3682
 0.200 2.3692
 0.200 2.3702
 0.200 2.3712
 0.200 2.3722
 0.200 2.3732
 0.200 2.3742
 0.200 2.3752
 0.200 2.3762
 0.200 2.3772
 0.200 2.3782
 0.200 2.3792
 0.200 2.3802
 0.200 2.3812
 0.200 2.3822
 0.200 2.3832
 0.200 2.3842
 0.200 2.3852
 0.200 2.3862
 0.200 2.3872
 0.200 2.3882
 0.200 2.3892
 0.200 2.3902
 0.200 2.3912
 0.200 2.3922
 0.200 2.3932
 0.200 2.3942
 0.200 2.3952
 0.200 2.3962
 0.200 2.3972
 0.200 2.3982
 0.200 2.3992
 0.200 2.4002
 0.200 2.4012
 0.200 2.4022
 0.200 2.4032
 0.200 2.4042
 0.200 2.4052
 0.200 2.4062
 0.200 2.4072
 0.200 2.4082
 0.200 2.4092
 0.200 2.4102
 0.200 2.4112
 0.200 2.4122
 0.200 2.4132
 0.200 2.4142
 0.200 2.4152
 0.200 2.4162
 0.200 2.4172
 0.200 2.4182
 0.200 2.4192
 0.200 2.4202
 0.200 2.4212
 0.200 2.4222
 0.200 2.4232
 0.200 2.4242
 0.200 2.4252
 0.200 2.4262
 0.200 2.4272
 0.200 2.4282
 0.200 2.4292
 0.200 2.4302
 0.200 2.4312
 0.200 2.4322
 0.200 2.4332
 0.200 2.4342
 0.200 2.4352
 0.200 2.4362
 0.200 2.4372
 0.200 2.4382
 0.200 2.4392
 0.200 2.4402
 0.200 2.4412
 0.200 2.4422
 0.200 2.4432
 0.200 2.4442
 0.200 2.4452
 0.200 2.4462
 0.200 2.4472
 0.200 2.4482
 0.200 2.4492
 0.200 2.4502
 0.200 2.4512
 0.200 2.4522
 0.200 2.4532
 0.200 2.4542
 0.200 2.4552
 0.200 2.4562
 0.200 2.4572
 0.200 2.4582
 0.200 2.4592
 0.200 2.4602
 0.200 2.4612
 0.200 2.4622
 0.200 2.4632
 0.200 2.4642
 0.200 2.4652
 0.200 2.4662
 0.200 2.4672
 0.200 2.4682
 0.200 2.4692
 0.200 2.4702
 0.200 2.4712
 0.200 2.4722
 0.200 2.4732
 0.200 2.4742
 0.200 2.4752
 0.200 2.4762
 0.200 2.4772
 0.200 2.4782
 0.200 2.4792
 0.200 2.4802
 0.200 2.4812
 0.200 2.4822
 0.200 2.4832
 0.200 2.4842
 0.200 2.4852
 0.200 2.4862
 0.200 2.4872
 0.200 2.4882
 0.200 2.4892
 0.200 2.4902
 0.200 2.4912
 0.200 2.4922
 0.200 2.4932
 0.200 2.4942
 0.200 2.4952
 0.200 2.4962
 0.200 2.4972
 0.200 2.4982
 0.200 2.4992
 0.200 2.5002
 0.200 2.5012
 0.200 2.5022
 0.200 2.5032
 0.200 2.5042
 0.200 2.5052
 0.200 2.5062
 0.200 2.5072
 0.200 2.5082
 0.200 2.5092
 0.200 2.5102
 0.200 2.5112
 0.200 2.5122
 0.200 2.5132
 0.200 2.5142
 0.200 2.5152
 0.200 2.5162
 0.200 2.5172
 0.200 2.5182
 0.200 2.5192
 0.200 2.5202
 0.200 2.5212
 0.200 2.5222
 0.200 2.5232
 0.200 2.5242
 0.200 2.5252
 0.200 2.5262
 0.200 2.5272
 0.200 2.5282
 0.200 2.5292
 0.200 2.5302
 0.200 2.5312
 0.200 2.5322
 0.200 2.5332
 0.200 2.5342
 0.200 2.5352
 0.200 2.5362
 0.200 2.5372
 0.200 2.5382
 0.200 2.5392
 0.200 2.5402
 0.200 2.5412
 0.200 2.5422
 0.200 2.5432
 0.200 2.5442
 0.200 2.5452
 0.200 2.5462
 0.200 2.5472
 0.200 2.5482
 0.200 2.5492
 0.200 2.5502
 0.200 2.5512
 0.200 2.5522
 0.200 2.5532
 0.200 2.5542
 0.200 2.5552
 0.200 2.5562
 0.200 2.5572
 0.200 2.5582
 0.200 2.5592
 0.200 2.5602
 0.200 2.5612
 0.200 2.5622
 0.200 2.5632
 0.200 2.5642
 0.200 2.5652
 0.200 2.5662
 0.200 2.5672
 0.200 2.5682
 0.200 2.5692
 0.200 2.5702
 0.200 2.5712
 0.200 2.5722
 0.200 2.5732
 0.200 2.5742
 0.200 2.5752
 0.200 2.5762
 0.200 2.5772
 0.200 2.5782
 0.200 2.5792
 0.200 2.5802
 0.200 2.5812
 0.200 2.5822
 0.200 2.5832
 0.200 2.5842
 0.200 2.5852
 0.200 2.5862
 0.200 2.5872
 0.200 2.5882
 0.200 2.5892
 0.200 2.5902
 0.200 2.5912
 0.200 2.5922
 0.200 2.5932
 0.200 2.5942
 0.200 2.5952
 0.200 2.5962
 0.200 2.5972
 0.200 2.5982
 0.200 2.5992
 0.200 2.6002
 0.200 2.6012
 0.200 2.6022
 0.200 2.6032
 0.200 2.6042
 0.200 2.6052
 0.200 2.6062
 0.200 2.6072
 0.200 2.6082
 0.200 2.6092
 0.200 2.6102
 0.200 2.6112
 0.200 2.6122
 0.200 2.6132
 0.200 2.6142
 0.200 2.6152
 0.200 2.6162
 0.200 2.6172
 0.200 2.6182
 0.200 2.6192
 0.200 2.6202
 0.200 2.6212
 0.200 2.6222
 0.200 2.6232
 0.200 2.6242
 0.200 2.6252
 0.200 2.6262
 0.200 2.6272
 0.200 2.6282
 0.200 2.6292
 0.200 2.6302
 0.200 2.6312
 0.200 2.6322
 0.200 2.6332
 0.200 2.6342
 0.200 2.6352
 0.200 2.6362
 0.200 2.6372
 0.200 2.6382
 0.200 2.6392
 0.200 2.6402
 0.200 2.6412
 0.200 2.6422
 0.200 2.6432
 0.200 2.6442
 0.200 2.6452
 0.200 2.6462
 0.200 2.6472
 0.200 2.6482
 0.200 2.6492
 0.200 2.6502
 0.200 2.6512
 0.200 2.6522
 0.200 2.6532
 0.200 2.6542
 0.200 2.6552
 0.200 2.6562
 0.200 2.6572
 0.200 2.6582
 0.200 2.6592
 0.200 2.6602
 0.200 2.6612
 0.200 2.6622
 0.200 2.6632
 0.200 2.6642
 0.200 2.6652
 0.200 2.6662
 0.200 2.6672
 0.200 2.6682
 0.200 2.6692
 0.200 2.6702
 0.200 2.6712
 0.200 2.6722
 0.200 2.6732
 0.200 2.6742
 0.200 2.6752
 0.200 2.6762
 0.200 2.6772
 0.200 2.6782
 0.200 2.6792
 0.200 2.6802
 0.200 2.6812
 0.200 2.6822
 0.200 2.6832
 0.200 2.6842
 0.200 2.6852
 0.200 2.6862
 0.200 2.6872
 0.200 2.6882
 0.200 2.6892
 0.200 2.6902
 0.200 2.6912
 0.200 2.6922
 0.200 2.6932
 0.200 2.6942
 0.200 2.6952
 0.200 2.6962
 0.200 2.6972
 0.200 2.6982
 0.200 2.6992
 0.200 2.7002
 0.200 2.7012
 0.200 2.7022
 0.200 2.7032
 0.200 2.7042
 0.200 2.7052
 0.200 2.7062
 0.200 2.7072
 0.200 2.7082
 0.200 2.7092
 0.200 2.7102
 0.200 2.7112
 0.200 2.7122
 0.200 2.7132
 0.200 2.7142
 0.200 2.7152
 0.200 2.7162
 0.200 2.7172
 0.200 2.7182
 0.200 2.7192
 0.200 2.7202
 0.200 2.7212
 0.200 2.7222
 0.200 2.7232
 0.200 2.7242
 0.200 2.7252
 0.200 2.7262
 0.200 2.7272
 0.200 2.7282
 0.200 2.7292
 0.200 2.7302
 0.200 2.7312
 0.200 2.7322
 0.200 2.7332
 0.200 2.7342
 0.200 2.7352
 0.200 2.7362
 0.200 2.7372
 0.200 2.7382
 0.200 2.7392
 0.200 2.7402
 0.200 2.7412
 0.200 2.7422
 0.200 2.7432
 0.200 2.7442
 0.200 2.7452
 0.200 2.7462
 0.200 2.7472
 0.200 2.7482
 0.200 2.7492
 0.200 2.7502
 0.200 2.7512
 0.200 2.7522
 0.200 2.7532
 0.200 2.7542
 0.200 2.7552
 0.200 2.7562
 0.200 2.7572
 0.200 2.7582
 0.200 2.7592
 0.200 2.7602
 0.200 2.7612
 0.200 2.7622
 0.200 2.7632
 0.200 2.7642
 0.200 2.7652
 0.200 2.7662
 0.200 2.7672
 0.200 2.7682
 0.200 2.7692
 0.200 2.7702
 0.200 2.7712
 0.200 2.7722
 0.200 2.7732
 0.200 2.7742
 0.200 2.7752
 0.200 2.7762
 0.200 2.7772
 0.200 2.7782
 0.200 2.7792
 0.200 2.7802
 0.200 2.7812
 0.200 2.7822
 0.200 2.7832
 0.200 2.7842
 0.200 2.7852
 0.200 2.7862
 0.200 2.7872
 0.200 2.7882
 0.200 2.7892
 0.200 2.7902
 0.200 2.7912
 0.200 2.7922
 0.200 2.7932
 0.200 2.7942
 0.200 2.7952
 0.200 2.7962
 0.200 2.7972
 0.200 2.7982
 0.200 2.7992
 0.200 2.8002
 0.200 2.8012
 0.200 2.8022
 0.200 2.8032
 0.200 2.8042
 0.200 2.8052
 0.200 2.8062
 0.200 2.8072
 0.200 2.8082
 0.200 2.8092
 0.200 2.8102
 0.200 2.8112
 0.200 2.8122
 0.200 2.8132
 0.200 2.8142
 0.200 2.8152
 0.200 2.8162
 0.200 2.8172
 0.200 2.8182
 0.200 2.8192
 0.200 2.8202
 0.200 2.8212
 0.200 2.8222
 0.200 2.8232
 0.200 2.8242
 0.200 2.8252
 0.200 2.8262
 0.200 2.8272
 0.200 2.8282
 0.200 2.8292
 0.200 2.8302
 0.200 2.8312
 0.200 2.8322
 0.200 2.8332
 0.200 2.8342
 0.200 2.8352
 0.200 2.8362
 0.200 2.8372
 0.200 2.8382
 0.200 2.8392
 0.200 2.8402
 0.200 2.8412
 0.200 2.8422
 0.200 2.8432
 0.200 2.8442
 0.200 2.8452
 0.200 2.8462
 0.200 2.8472
 0.200 2.8482
 0.200 2.8492
 0.200 2.8502
 0.200 2.8512
 0.200 2.8522
 0.200 2.8532
 0.200 2.8542
 0.200 2.8552
 0.200 2.8562
 0.200 2.8572
 0.200 2.8582
 0.200 2.8592
 0.200 2.8602
 0.200 2.8612
 0.200 2.8622
 0.200 2.8632
 0.200 2.8642
 0.200 2.8652
 0.200 2.8662
 0.200 2.8672
 0.200 2.8682
 0.200 2.8692
 0.200 2.8702
 0.200 2.8712
 0.200 2.8722
 0.200 2.8732
 0.200 2.8742
 0.200 2.8752
 0.200 2.8762
 0.200 2.8772
 0.200 2.8782
 0.200 2.8792
 0.200 2.8802
 0.200 2.8812
 0.200 2.8822
 0.200 2.8832
 0.200 2.8842
 0.200 2.8852
 0.200 2.8862
 0.200 2.8872
 0.200 2.8882
 0.200 2.8892
 0.200 2.8902
 0.200 2.8912
 0.200 2.8922
 0.200 2.8932
 0.200 2.8942
 0.200 2.8952
 0.200 2.8962
 0.200 2.8972
 0.200 2.8982
 0.200 2.8992
 0.200 2.9002
 0.200 2.9012
 0.200 2.9022
 0.200 2.9032
 0.200 2.9042
 0.200 2.9052
 0.200 2.9062
 0.200 2.9072
 0.200 2.9082
 0.200 2.9092
 0.200 2.9102
 0.200 2.9112
 0.200 2.9122
 0.200 2.9132
 0.200 2.9142
 0.200 2.9152
 0.200 2.9162
 0.200 2.9172
 0.200 2.9182
 0.200 2.9192
 0.200 2.9202
 0.200 2.9212
 0.200 2.9222
 0.200 2.9232
 0.200 2.9242
 0.200 2.9252
 0.200 2.9262
 0.200 2.9272
 0.200 2.9282
 0.200 2.9292
 0.200 2.9302
 0.200 2.9312
 0.200 2.9322
 0.200 2.9332
 0.200 2.9342
 0.200 2.9352
 0.200 2.9362
 0.200 2.9372
 0.200 2.9382
 0.200 2.9392
 0.200 2.9402
 0.200 2.9412
 0.200 2.9422
 0.200 2.9432
 0.200 2.9442
 0.200 2.9452
 0.200 2.9462
 0.200 2.9472
 0.200 2.9482
 0.200 2.9492
 0.200 2.9502
 0.200 2.9512
 0.200 2.9522
 0.200 2.9532
 0.200 2.9542
 0.200 2.9552
 0.200 2.9562
 0.200 2.9572
 0.200 2.9582
 0.200 2.9592
 0.200 2.9602
 0.200 2.9612
 0.200 2.9622
 0.200 2.9632
 0.200 2.9642
 0.200 2.9652
 0.200 2.9662
 0.200 2.9672
 0.200 2.9682
 0.200 2.9692
 0.200 2.9702
 0.200 2.9712
 0.200 2.9722
 0.200 2.9732
 0.200 2.9742
 0.200 2.9752
 0.200 2.9762
 0.200 2.9772
 0.200 2.9782
 0.200 2.9792
 0.200 2.9802
 0.200 2.9812
 0.200 2.9822
 0.200 2.9832
 0.200 2.9842
 0.200 2.9852
 0.200 2.9862
 0.200 2.9872
 0.200 2.9882
 0.200 2.9892
 0.200 2.9902
 0.200 2.9912
 0.200 2.9922
 0.200 2.9932
 0.200 2.9942
 0.200 2.9952
 0.200 2.9962
 0.200 2.9972
 0.200 2.9982
 0.200 2.9992
 0.200 3.0002
 0.200 3.0012
 0.200 3.0022
 0.200 3.0032
 0.200 3.0042
 0.200 3.0052
 0.200 3.0062
 0.200 3.0072
 0.200 3.0082
 0.200 3.0092
 0.200 3.0102
 0.200 3.0112
 0.200 3.0122
 0.200 3.0132
 0.200 3.0142
 0.200 3.0152
 0.200 3.0162
 0.200 3.0172
 0.200 3.0182
 0.200 3.0192
 0.200 3.0202
 0.200 3.0212
 0.200 3.0222
 0.200 3.0232
 0.200 3.0242
 0.200 3.0252
 0.200 3.0262
 0.200 3.0272
 0.200 3.0282
 0.200 3.0292
 0.200 3.0302
 0.200 3.0312
 0.200 3.0322
 0.200 3.0332
 0.200 3.0342
 0.200 3.0352
 0.200 3.0362
 0.200 3.0372
 0.200 3.0382
 0.200 3.0392
 0.200 3.0402
 0.200 3.0412
 0.200 3.0422
 0.200 3.0432
 0.200 3.0442
 0.200 3.0452
 0.200 3.0462
 0.200 3.0472
 0.200 3.0482
 0.200 3.0492
 0.200 3.0502
 0.200 3.0512
 0.200 3.0522
 0.200 3.0532
 0.200 3.0542
 0.200 3.0552
 0.200 3.0562
 0.200 3.0572
 0.200 3.0582
 0.200 3.0592
 0.200 3.0602
 0.200 3.0612
 0.200 3.0622
 0.200 3.0632
 0.200 3.0642
 0.200 3.0652
 0.200 3.0662
 0.200 3.0672
 0.200 3.0682
 0.200 3.0692
 0.200 3.0702
 0.200 3.0712
 0.200 3.0722
 0.200 3.0732
 0.200 3.0742
 0.200 3.0752
 0.200 3.0762
 0.200 3.0772
 0.200 3.0782
 0.200 3.0792
 0.200 3.0802
 0.200 3.0812
 0.200 3.0822
 0.200 3.0832
 0.200 3.0842
 0.200 3.0852
 0.200 3.0862
 0.200 3.0872
 0.200 3.0882
 0.200 3.0892
 0.200 3.0902
 0.200 3.0912
 0.200 3.0922
 0.200 3.0932
 0.200 3.0942
 0.200 3.0952
 0.200 3.0962
 0.200 3.0972
 0.200 3.0982
 0.200 3.0992
 0.200 3.1002
 0.200 3.1012
 0.200 3.1022
 0.200 3.1032
 0.200 3.1042
 0.200 3.1052
 0.200 3.1062
 0.200 3.1072
 0.200 3.1082
 0.200 3.1092
 0.200 3.1102
 0.200 3.1112
 0.200 3.1122
 0.200 3.1132
 0.200 3.1142
 0.200 3.1152
 0.200 3.1162
 0.200 3.1172
 0.200 3.1182
 0.200 3.1192
 0.200 3.1202
 0.200 3.1212
 0.200 3.1222
 0.200 3.1232
 0.200 3.1242
 0.200 3.1252
 0.200 3.1262
 0.200 3.1272
 0.200 3.1282
 0.200 3.1292
 0.200 3.1302
 0.200 3.1312
 0.200 3.1322
 0.200 3.1332
 0.200 3.1342
 0.200 3.1352
 0.200 3.1362
 0.200 3.1372
 0.200 3.1382
 0.200 3.1392
 0.200 3.1402
 0.200 3.1412
 0.200 3.1422
 0.200 3.1432
 0.200 3.1442
 0.200 3.1452
 0.200 3.1462
 0.200 3.1472
 0.200 3.1482
 0.200 3.1492
 0.200 3.1502
 0.200 3.1512
 0.200 3.1522
 0.200 3.1532
 0.200 3.1542
 0.200 3.1552
 0.200 3.1562
 0.200 3.1572
 0.200 3.1582
 0.200 3.1592
 0.200 3.1602
 0.200 3.1612
 0.200 3.1622
 0.200 3.1632
 0.200 3.1642
 0.200 3.1652
 0.200 3.1662
 0.200 3.1672
 0.200 3.1682
 0.200 3.1692
 0.200 3.1702
 0.200 3.1712
 0.200 3.1722
 0.200 3.1732
 0.200 3.1742
 0.200 3.1752
 0.200 3.1762
 0.200 3.1772
 0.200 3.1782
 0.200 3.1792
 0.200 3.1802
 0.200 3.1812
 0.200 3.1822
 0.200 3.1832
 0.200 3.1842
 0.200 3.1852
 0.200 3.1862
 0.200 3.1872
 0.200 3.1882
 0.200 3.1892
 0.200 3.1902
 0.200 3.1912
 0.200 3.1922
 0.200 3.1932
 0.200 3.1942
 0.200 3.1952
 0.200 3.1962
 0.200 3.1972
 0.200 3.1982
 0.200 3.1992
 0.200 3.2002
 0.200 3.2012
 0.200 3.2022
 0.200 3.2032
 0.200 3.2042
 0.200 3.2052
 0.200 3.2062
 0.200 3.2072
 0.200 3.2082
 0.200 3.2092
 0.200 3.2102
 0.200 3.2112
 0.200 3.2122
 0.200 3.2132
 0.200 3.2142
 0.200 3.2152
 0.200 3.2162
 0.200 3.2172
 0.200 3.2182
 0.200 3.2192
 0.200 3.2202
 0.200 3.2212
 0.200 3.2222
 0.200 3.2232
 0.200 3.2242
 0.200 3.2252
 0.200 3.2262
 0.200 3.2272
 0.200 3.2282
 0.200 3.2292
 0.200 3.2302
 0.200 3.2312
 0.200 3.2322
 0.200 3.2332
 0.200 3.2342
 0.200 3.2352
 0.200 3.2362
 0.200 3.2372
 0.200 3.2382
 0.200 3.2392
 0.200 3.2402
 0.200 3.2412
 0.200 3.2422
 0.200 3.2432
 0.200 3.2442
 0.200 3.2452
 0.200 3.2462
 0.200 3.2472
 0.200 3.2482
 0.200 3.2492
 0.200 3.2502
 0.200 3.2512
 0.201 3.2577
 0.202 3.2643
 0.203 3.2708
 0.204 3.2774
 0.205 3.2839
 0.206 3.2903
 0.207 3.2967
 0.208 3.3031
 0.209 3.3095
 0.210 3.3157
 0.211 3.3222
 0.212 3.3285
 0.213 3.3349
 0.214 3.3412
 0.215 3.3475
 0.216 3.3538
 0.217 3.3601
 0.218 3.3664
 0.219 3.3726
 0.220 3.3788
 0.221 3.3851
 0.222 3.3913
 0.223 3.3974
 0.224 3.4036
 0.225 3.4097
 0.226 3.4160
 0.227 3.4220
 0.228 3.4282
 0.229 3.4344
 0.230 3.4404
 0.231 3.4468
 0.232 3.4528
 0.233 3.4586
 0.234 3.4648
 0.235 3.4706
 0.236 3.4765
 0.237 3.4825
 0.238 3.4884
 0.239 3.4945
 0.240 3.5003
 0.241 3.5062
 0.242 3.5123
 0.243 3.5185
 0.244 3.5243
 0.245 3.5303
 0.246 3.5365
 0.247 3.5425
 0.248 3.5484
 0.249 3.5543
 0.250 3.5602
 0.251 3.5659
 0.252 3.5718
 0.253 3.5776
 0.254 3.5835
 0.255 3.5895
 0.256 3.5953
 0.257 3.6012
 0.258 3.6070
 0.259 3.6128
 0.260 3.6186
 0.261 3.6244
 0.262 3.6305
 0.263 3.6364
 0.264 3.6423
 0.265 3.6481
 0.266 3.6538
 0.267 3.6599
 0.268 3.6658
 0.269 3.6712
 0.270 3.6774
 0.271 3.6831
 0.272 3.6890
 0.273 3.6950
 0.274 3.7009
 0.275 3.7072
 0.276 3.7127
 0.277 3.7184
 0.278 3.7240
 0.279 3.7293
 0.280 3.7346
 0.281 3.7405
 0.282 3.7461
 0.283 3.7517
 0.284 3.7573
 0.285 3.7633
 0.286 3.7687
 0.287 3.7742
 0.288 3.7798
 0.289 3.7853
 0.290 3.7909
 0.291 3.7963
 0.292 3.8017
 0.293 3.8073
 0.294 3.8127
 0.295 3.8182
 0.296 3.8235
 0.297 3.8291
 0.298 3.8347
 0.299 3.8399
 0.300 3.8453
 0.301 3.8506
 0.302 3.8562
 0.303 3.8615
 0.304 3.8667
 0.305 3.8722
 0.306 3.8776
 0.307 3.8829
 0.308 3.8885
 0.309 3.8936
 0.310 3.8989
 0.311 3.9045
 0.312 3.9096
 0.313 3.9150
 0.314 3.9202
 0.315 3.9255
 0.316 3.9307
 0.317 3.9359
 0.318 3.9410
 0.319 3.9464
 0.320 3.9515
 0.321 3.9568
 0.322 3.9620
 0.323 3.9673
 0.324 3.9724
 0.325 3.9777
 0.326 3.9831
 0.327 3.9882
 0.328 3.9935
 0.329 3.9987
 0.330 4.0038
 0.331 4.0092
 0.332 4.0145
 0.333 4.0197
 0.334 4.0250
 0.335 4.0302
 0.336 4.0355
 0.337 4.0409
 0.338 4.0460
 0.339 4.0515
 0.340 4.0567
 0.341 4.0621
 0.342 4.0674
 0.343 4.0726
 0.344 4.0781
 0.345 4.0834
 0.346 4.0888
 0.347 4.0943
 0.348 4.0996
 0.349 4.1052
 0.350 4.1104
 0.351 4.1161
 0.352 4.1216
 0.353 4.1271
 0.354 4.1325
 0.355 4.1380
 0.356 4.1435
 0.357 4.1491
 0.358 4.1546
 0.359 4.1601
 0.360 4.1656
 0.361 4.1711
 0.362 4.1764
 0.363 4.1819
 0.364 4.1873
 0.365 4.1927
 0.366 4.1981
 0.367 4.2035
 0.368 4.2088
 0.369 4.2143
 0.370 4.2196
 0.371 4.2251
 0.372 4.2304
 0.373 4.2359
 0.374 4.2412
 0.375 4.2467
 0.376 4.2521
 0.377 4.2575
 0.378 4.2630
 0.379 4.2684
 0.380 4.2739
 0.381 4.2793
 0.382 4.2848
 0.383 4.2902
 0.384 4.2957
 0.385 4.3012
 0.386 4.3065
 0.387 4.3121
 0.388 4.3175
 0.389 4.3230
 0.390 4.3285
 0.391 4.3340
 0.392 4.3395
 0.393 4.3449
 0.394 4.3504
 0.395 4.3560
 0.396 4.3614
 0.397 4.3669
 0.398 4.3723
 0.399 4.3779
 0.400 4.3833
 0.401 4.3888
 0.402 4.3943
 0.403 4.3999
 0.404 4.4054
 0.405 4.4109
 0.406 4.4164
 0.407 4.4220
 0.408 4.4275
 0.409 4.4331
 0.410 4.4386
 0.411 4.4442
 0.412 4.4498
 0.413 4.4553
 0.414 4.4610
 0.415 4.4665
 0.416 4.4721
 0.417 4.4778
 0.418 4.4834
 0.419 4.4890
 0.420 4.4947
 0.421 4.5003
 0.422 4.5060
 0.423 4.5117
 0.424 4.5173
 0.425 4.5230
 0.426 4.5287
 0.427 4.5345
 0.428 4.5402
 0.429 4.5460
 0.430 4.5517
 0.431 4.5575
 0.432 4.5633
 0.433 4.5691
 0.434 4.5749
 0.435 4.5806
 0.436 4.5864
 0.437 4.5923
 0.438 4.5980
 0.439 4.6038
 0.440 4.6097
 0.441 4.6155
 0.442 4.6213
 0.443 4.6271
 0.444 4.6329
 0.445 4.6387
 0.446 4.6444
 0.447 4.6503
 0.448 4.6560
 0.449 4.6618
 0.450 4.6675
 0.451 4.6734
 0.452 4.6792
 0.453 4.6849
 0.454 4.6907
 0.455 4.6965
 0.456 4.7023
 0.457 4.7081
 0.458 4.7138
 0.459 4.7197
 0.460 4.7255
 0.461 4.7312
 0.462 4.7370
 0.463 4.7428
 0.464 4.7484
 0.465 4.7540
 0.466 4.7597
 0.467 4.7653
 0.468 4.7710
 0.469 4.7766
 0.470 4.7822
 0.471 4.7879
 0.472 4.7935
 0.473 4.7992
 0.474 4.8048
 0.475 4.8104
 0.476 4.8161
 0.477 4.8217
 0.478 4.8273
 0.479 4.8329
 0.480 4.8385
 0.481 4.8441
 0.482 4.8498
 0.483 4.8553
 0.484 4.8609
 0.485 4.8666
 0.486 4.8722
 0.487 4.8778
 0.488 4.8834
 0.489 4.8890
 0.490 4.8946
 0.491 4.9002
 0.492 4.9058
 0.493 4.9113
 0.494 4.9169
 0.495 4.9225
 0.496 4.9281
 0.497 4.9336
 0.498 4.9392
 0.499 4.9448
 0.500 4.9504
 0.501 4.9562
 0.502 4.9620
 0.503 4.9677
 0.504 4.9736
 0.505 4.9794
 0.506 4.9852
 0.507 4.9910
 0.508 4.9968
 0.509 5.0026
 0.510 5.0084
 0.511 5.0143
 0.512 5.0201
 0.513 5.0258
 0.514 5.0316
 0.515 5.0375
 0.516 5.0437
 0.517 5.0498
 0.518 5.0560
 0.519 5.0621
 0.520 5.0681
 0.521 5.0741
 0.522 5.0802
 0.523 5.0862
 0.524 5.0923
 0.525 5.0983
 0.526 5.1044
 0.527 5.1104
 0.528 5.1165
 0.529 5.1226
 0.530 5.1286
 0.531 5.1346
 0.532 5.1407
 0.533 5.1468
 0.534 5.1528
 0.535 5.1589
 0.536 5.1649
 0.537 5.1710
 0.538 5.1771
 0.539 5.1832
 0.540 5.1893
 0.541 5.1955
 0.542 5.2016
 0.543 5.2077
 0.544 5.2139
 0.545 5.2200
 0.546 5.2261
 0.547 5.2322
 0.548 5.2383
 0.549 5.2444
 0.550 5.2505
 0.551 5.2566
 0.552 5.2627
 0.553 5.2688
 0.554 5.2748
 0.555 5.2809
 0.556 5.2872
 0.557 5.2943
 0.558 5.3014
 0.559 5.3085
 0.560 5.3157
 0.561 5.3228
 0.562 5.3299
 0.563 5.3370
 0.564 5.3442
 0.565 5.3514
 0.566 5.3586
 0.567 5.3658
 0.568 5.3730
 0.569 5.3802
 0.570 5.3874
 0.571 5.3946
 0.572 5.4019
 0.573 5.4092
 0.574 5.4166
 0.575 5.4239
 0.576 5.4311
 0.577 5.4384
 0.578 5.4456
 0.579 5.4529
 0.580 5.4602
 0.581 5.4676
 0.582 5.4750
 0.583 5.4824
 0.584 5.4898
 0.585 5.4971
 0.586 5.5044
 0.587 5.5117
 0.588 5.5189
 0.589 5.5262
 0.590 5.5336
 0.591 5.5410
 0.592 5.5484
 0.593 5.5558
 0.594 5.5631
 0.595 5.5704
 0.596 5.5776
 0.597 5.5849
 0.598 5.5921
 0.599 5.5993
 0.600 5.6067