Period	M2	R2	Teff2	log(g2)	logL2	UxMag	BxMag	BMag	VMag	RMag	IMag	JMag	HMag	KMag	LMag	L'Mag	M'Mag	X	SpT\
h	Msun	Rsun	K	[cm/s2]	[10-7W]	mag	mag	mag	mag	mag	mag	mag	mag	mag	mag	mag	mag	 	\
-------	------	----	------	-----	-----	-----	-----	-----	-----	-----	-----	-----	-----	-----	-----	-----	------	----\
 1.418	 0.0100	 0.064	 481	 4.829	26.88	73.03	43.25	43.34	29.72	24.96	22.13	20.77	20.56	23.55	19.90	16.78	15.40	      	T\
 1.416	 0.0110	 0.066	 498	 4.845	26.96	71.01	42.86	42.95	29.47	24.74	21.90	20.47	20.23	23.06	19.64	16.56	15.20	      	T\
 1.414	 0.0120	 0.067	 515	 4.859	27.04	68.48	42.52	42.60	29.25	24.52	21.69	20.08	19.86	22.49	19.32	16.31	14.99	      	T\
 1.412	 0.0130	 0.069	 532	 4.872	27.12	65.71	42.17	42.26	29.02	24.31	21.48	19.65	19.47	21.87	18.98	16.04	14.76	      	T\
 1.410	 0.0140	 0.071	 550	 4.884	27.20	62.78	41.81	41.90	28.78	24.09	21.26	19.21	19.06	21.23	18.63	15.77	14.54	      	T\
 1.408	 0.0150	 0.072	 569	 4.896	27.28	59.70	41.44	41.53	28.54	23.87	21.04	18.74	18.63	20.56	18.27	15.49	14.30	      	T\
 1.407	 0.0160	 0.074	 589	 4.906	27.35	56.45	41.05	41.14	28.29	23.64	20.81	18.26	18.19	19.87	17.89	15.20	14.06	      	T\
 1.405	 0.0170	 0.075	 609	 4.916	27.43	54.33	40.76	40.85	28.11	23.48	20.64	17.94	17.89	19.38	17.61	14.98	13.88	      	T\
 1.404	 0.0180	 0.076	 630	 4.926	27.50	53.87	40.63	40.71	28.05	23.41	20.58	17.84	17.80	19.19	17.46	14.89	13.80	      	T\
 1.403	 0.0190	 0.078	 651	 4.935	27.57	53.45	40.51	40.60	27.99	23.35	20.52	17.74	17.72	19.01	17.32	14.80	13.72	      	T\
 1.402	 0.0200	 0.079	 673	 4.943	27.65	53.07	40.41	40.49	27.93	23.29	20.46	17.66	17.65	18.83	17.19	14.72	13.64	      	T\
 1.401	 0.0210	 0.080	 697	 4.951	27.72	52.73	40.32	40.41	27.88	23.24	20.41	17.58	17.58	18.66	17.05	14.64	13.57	      	T\
 1.400	 0.0220	 0.081	 720	 4.959	27.79	51.41	39.69	39.78	27.79	23.15	20.32	17.39	17.39	18.35	16.82	14.47	13.44	      	T\
 1.399	 0.0230	 0.083	 745	 4.966	27.86	49.88	38.95	39.04	27.70	23.06	20.22	17.18	17.18	18.00	16.56	14.29	13.30	      	T\
 1.398	 0.0240	 0.084	 770	 4.973	27.93	48.29	38.19	38.28	27.61	22.97	20.12	16.95	16.95	17.65	16.30	14.10	13.15	      	T\
 1.397	 0.0250	 0.085	 797	 4.980	28.00	46.64	37.42	37.51	27.52	22.88	20.02	16.73	16.72	17.28	16.03	13.91	13.01	      	T\
 1.396	 0.0260	 0.086	 824	 4.986	28.07	45.42	36.62	36.71	27.41	22.77	19.89	16.50	16.53	17.01	15.82	13.76	12.90	      	T\
 1.395	 0.0270	 0.087	 852	 4.993	28.14	44.22	35.79	35.88	27.30	22.65	19.76	16.27	16.33	16.75	15.63	13.61	12.79	      	T\
 1.394	 0.0280	 0.088	 881	 4.999	28.20	42.98	34.93	35.02	27.18	22.52	19.62	16.04	16.12	16.47	15.42	13.46	12.68	      	T\
 1.394	 0.0290	 0.089	 912	 5.005	28.27	41.74	34.07	34.16	27.04	22.39	19.48	15.82	15.92	16.19	15.21	13.30	12.58	      	T\
 1.393	 0.0300	 0.090	 943	 5.010	28.34	40.53	33.22	33.31	26.86	22.25	19.35	15.62	15.71	15.89	14.96	13.12	12.47	      	T\
 1.392	 0.0310	 0.091	 975	 5.016	28.41	39.27	32.35	32.44	26.68	22.11	19.22	15.42	15.49	15.57	14.72	12.95	12.36	      	T\
 1.392	 0.0320	 0.091	1008	 5.021	28.47	38.12	31.55	31.63	26.50	21.96	19.08	15.21	15.28	15.28	14.49	12.78	12.25	      	T\
 1.391	 0.0330	 0.092	1043	 5.026	28.54	37.38	31.01	31.10	26.33	21.81	18.90	15.01	15.09	15.07	14.31	12.65	12.18	      	T\
 1.390	 0.0340	 0.093	1079	 5.031	28.61	36.60	30.46	30.54	26.16	21.66	18.72	14.79	14.90	14.85	14.13	12.52	12.10	      	T\
 1.390	 0.0350	 0.094	1115	 5.036	28.67	35.88	29.93	30.01	25.97	21.51	18.55	14.60	14.71	14.63	13.94	12.37	12.03	      	T\
 1.389	 0.0360	 0.095	1154	 5.040	28.74	35.26	29.45	29.53	25.76	21.35	18.40	14.44	14.52	14.41	13.73	12.23	11.95	      	T\
 1.388	 0.0370	 0.096	1193	 5.045	28.81	34.62	28.95	29.03	25.55	21.19	18.24	14.27	14.32	14.19	13.51	12.07	11.87	      	T\
 1.388	 0.0380	 0.096	1234	 5.049	28.87	34.08	28.50	28.58	25.32	21.00	18.05	14.11	14.13	13.99	13.29	11.92	11.80	      	T\
 1.387	 0.0390	 0.097	1276	 5.053	28.94	33.54	28.06	28.13	25.07	20.80	17.85	13.94	13.93	13.79	13.07	11.77	11.73	      	T\
 1.387	 0.0400	 0.098	1320	 5.058	29.00	33.07	27.64	27.71	24.82	20.59	17.64	13.77	13.74	13.60	12.85	11.63	11.66	      	T\
 1.386	 0.0410	 0.099	1365	 5.062	29.07	32.66	27.26	27.33	24.57	20.37	17.42	13.61	13.56	13.43	12.65	11.49	11.59	      	T\
 1.386	 0.0420	 0.099	1409	 5.066	29.13	32.28	26.90	26.97	24.31	20.15	17.20	13.45	13.38	13.27	12.45	11.36	11.52	      	T\
 1.385	 0.0430	 0.100	1451	 5.070	29.19	31.91	26.56	26.63	24.04	19.90	16.96	13.29	13.21	13.11	12.28	11.24	11.46	      	T\
 1.385	 0.0440	 0.101	1495	 5.073	29.24	31.55	26.21	26.28	23.76	19.66	16.72	13.14	13.03	12.95	12.11	11.12	11.40	      	T\
 1.384	 0.0450	 0.102	1537	 5.077	29.30	31.24	25.93	25.99	23.49	19.42	16.51	13.00	12.88	12.81	11.96	11.02	11.34	      	T\
 1.384	 0.0460	 0.102	1578	 5.081	29.35	30.95	25.65	25.72	23.23	19.19	16.31	12.88	12.73	12.68	11.83	10.92	11.29	      	T\
 1.383	 0.0470	 0.103	1618	 5.084	29.40	30.66	25.40	25.46	22.97	18.98	16.13	12.76	12.60	12.54	11.69	10.83	11.23	      	T\
 1.383	 0.0480	 0.104	1658	 5.088	29.45	30.39	25.17	25.23	22.72	18.78	15.97	12.66	12.47	12.40	11.55	10.74	11.18	      	T\
 1.382	 0.0490	 0.104	1698	 5.091	29.49	30.12	24.93	25.00	22.47	18.58	15.81	12.55	12.35	12.25	11.41	10.65	11.12	      	T\
 1.382	 0.0500	 0.105	1738	 5.094	29.54	30.28	25.40	25.47	22.51	18.97	16.38	12.82	12.25	11.90	11.04	10.46	10.81	      	T\
 1.381	 0.0510	 0.106	1778	 5.098	29.59	30.46	25.89	25.97	22.56	19.38	16.99	13.10	12.16	11.54	10.66	10.26	10.48	      	T\
 1.381	 0.0520	 0.106	1818	 5.101	29.63	30.26	25.85	25.93	22.36	19.36	17.06	13.09	12.02	11.30	10.44	10.14	10.29	 -0.90	T\
 1.380	 0.0530	 0.107	1857	 5.104	29.67	29.60	25.17	25.24	21.86	18.82	16.47	12.73	11.82	11.21	10.40	10.09	10.26	  5.64	L4.4\
 1.380	 0.0540	 0.108	1896	 5.107	29.71	28.94	24.49	24.56	21.36	18.29	15.89	12.36	11.63	11.12	10.36	10.05	10.24	  9.65	L0.3\
 1.379	 0.0550	 0.108	1934	 5.110	29.75	28.80	24.39	24.46	21.28	18.19	15.77	12.28	11.56	11.07	10.32	10.01	10.21	 10.00	L0\
 1.379	 0.0560	 0.109	1971	 5.113	29.79	28.72	24.35	24.42	21.25	18.14	15.71	12.23	11.51	11.02	10.29	 9.98	10.19	 10.07	M9.9\
 1.378	 0.0570	 0.109	2007	 5.116	29.83	28.58	24.25	24.32	21.18	18.08	15.65	12.16	11.45	10.97	10.25	 9.94	10.17	 10.14	M9.9\
 1.378	 0.0580	 0.110	2042	 5.119	29.86	28.20	23.89	23.96	20.96	17.99	15.54	12.05	11.34	10.88	10.19	 9.88	10.13	 10.23	M9.8\
 1.378	 0.0590	 0.111	2076	 5.122	29.89	27.82	23.53	23.60	20.74	17.90	15.44	11.94	11.23	10.79	10.12	 9.82	10.10	 10.32	M9.7\
 1.377	 0.0600	 0.111	2110	 5.125	29.93	27.45	23.18	23.25	20.52	17.82	15.34	11.82	11.13	10.71	10.06	 9.76	10.07	 10.41	M9.6\
 1.377	 0.0610	 0.112	2143	 5.127	29.96	27.08	22.84	22.91	20.30	17.74	15.24	11.72	11.02	10.63	 9.99	 9.70	10.04	 10.49	M9.5\
 1.376	 0.0620	 0.112	2175	 5.130	29.99	26.73	22.51	22.58	20.10	17.65	15.14	11.61	10.92	10.55	 9.93	 9.65	10.01	 10.58	M9.4\
 1.376	 0.0630	 0.113	2205	 5.133	30.02	26.40	22.19	22.26	19.90	17.58	15.05	11.51	10.83	10.47	 9.87	 9.60	 9.98	 10.66	M9.3\
 1.375	 0.0640	 0.113	2235	 5.135	30.04	26.07	21.88	21.95	19.70	17.50	14.96	11.41	10.73	10.39	 9.81	 9.55	 9.96	 10.73	M9.3\
 1.375	 0.0650	 0.114	2265	 5.138	30.07	25.76	21.58	21.64	19.51	17.42	14.87	11.31	10.64	10.32	 9.76	 9.50	 9.93	 10.81	M9.2\
 1.375	 0.0660	 0.114	2294	 5.140	30.10	25.45	21.28	21.34	19.33	17.35	14.78	11.22	10.55	10.25	 9.70	 9.45	 9.90	 10.89	M9.1\
 1.374	 0.0670	 0.115	2322	 5.143	30.12	25.10	21.03	21.10	19.13	17.21	14.66	11.15	10.49	10.19	 9.66	 9.41	 9.86	 11.15	M8.9\
 1.374	 0.0680	 0.115	2349	 5.145	30.15	24.76	20.81	20.87	18.92	17.05	14.53	11.10	10.44	10.14	 9.62	 9.38	 9.82	 11.44	M8.6\
 1.373	 0.0690	 0.116	2376	 5.148	30.17	24.42	20.59	20.65	18.72	16.90	14.41	11.04	10.39	10.08	 9.58	 9.34	 9.77	 11.69	M8.3\
 1.373	 0.0691	 0.116	2377	 5.148	30.17	24.41	20.58	20.64	18.71	16.89	14.40	11.04	10.39	10.08	 9.58	 9.34	 9.77	 11.70	M8.3\
 1.382	 0.0700	 0.117	2402	 5.146	30.20	24.08	20.36	20.43	18.52	16.74	14.28	10.98	10.33	10.02	 9.54	 9.30	 9.72	 11.91	M8.1\
 1.390	 0.0710	 0.118	2427	 5.145	30.22	23.77	20.15	20.21	18.33	16.58	14.16	10.93	10.28	 9.97	 9.49	 9.26	 9.67	 12.10	M7.9\
 1.399	 0.0720	 0.119	2452	 5.144	30.25	23.46	19.95	20.01	18.14	16.43	14.04	10.87	10.23	 9.91	 9.45	 9.23	 9.62	 12.27	M7.7\
 1.407	 0.0730	 0.120	2476	 5.142	30.27	23.16	19.75	19.81	17.96	16.28	13.92	10.82	10.18	 9.86	 9.41	 9.19	 9.57	 12.43	M7.6\
 1.415	 0.0740	 0.121	2498	 5.141	30.29	22.87	19.55	19.61	17.79	16.14	13.81	10.77	10.13	 9.81	 9.37	 9.15	 9.53	 12.56	M7.4\
 1.423	 0.0750	 0.122	2520	 5.140	30.32	22.62	19.38	19.44	17.63	16.01	13.71	10.72	10.08	 9.76	 9.33	 9.12	 9.48	 12.68	M7.3\
 1.432	 0.0760	 0.123	2541	 5.138	30.34	22.37	19.21	19.27	17.48	15.88	13.60	10.67	10.04	 9.72	 9.29	 9.09	 9.44	 12.78	M7.2\
 1.440	 0.0770	 0.124	2562	 5.137	30.36	22.14	19.05	19.10	17.33	15.76	13.51	10.63	 9.99	 9.68	 9.26	 9.05	 9.40	 12.88	M7.1\
 1.448	 0.0780	 0.125	2581	 5.136	30.38	21.91	18.89	18.94	17.19	15.64	13.41	10.58	 9.95	 9.63	 9.22	 9.02	 9.36	 12.96	M7\
 1.456	 0.0790	 0.126	2600	 5.134	30.40	21.69	18.74	18.79	17.05	15.52	13.32	10.54	 9.91	 9.59	 9.19	 8.99	 9.32	 13.04	M7\
 1.464	 0.0800	 0.127	2618	 5.133	30.42	21.49	18.60	18.65	16.92	15.41	13.23	10.50	 9.87	 9.55	 9.16	 8.96	 9.28	 13.10	M6.9\
 1.472	 0.0810	 0.128	2635	 5.132	30.44	21.30	18.46	18.51	16.80	15.30	13.15	10.46	 9.84	 9.52	 9.13	 8.93	 9.25	 13.17	M6.8\
 1.479	 0.0820	 0.129	2652	 5.131	30.45	21.11	18.33	18.38	16.68	15.20	13.07	10.42	 9.80	 9.48	 9.10	 8.91	 9.21	 13.23	M6.8\
 1.487	 0.0830	 0.130	2668	 5.130	30.47	20.93	18.20	18.25	16.56	15.10	12.99	10.38	 9.76	 9.45	 9.07	 8.88	 9.18	 13.28	M6.7\
 1.495	 0.0840	 0.131	2684	 5.128	30.49	20.75	18.08	18.13	16.45	15.00	12.92	10.35	 9.73	 9.41	 9.04	 8.85	 9.15	 13.33	M6.7\
 1.503	 0.0850	 0.132	2699	 5.127	30.50	20.58	17.96	18.01	16.34	14.91	12.84	10.31	 9.69	 9.38	 9.01	 8.83	 9.11	 13.38	M6.6\
 1.510	 0.0860	 0.133	2714	 5.126	30.52	20.44	17.85	17.90	16.24	14.82	12.78	10.28	 9.66	 9.35	 8.98	 8.80	 9.08	 13.43	M6.6\
 1.518	 0.0870	 0.134	2728	 5.125	30.53	20.29	17.75	17.80	16.14	14.74	12.71	10.25	 9.63	 9.32	 8.95	 8.78	 9.05	 13.47	M6.5\
 1.525	 0.0880	 0.135	2742	 5.124	30.55	20.16	17.65	17.69	16.05	14.66	12.65	10.22	 9.60	 9.28	 8.93	 8.75	 9.02	 13.52	M6.5\
 1.533	 0.0890	 0.136	2755	 5.123	30.56	20.02	17.55	17.60	15.96	14.58	12.58	10.18	 9.57	 9.26	 8.90	 8.73	 9.00	 13.56	M6.4\
 1.540	 0.0900	 0.137	2768	 5.122	30.58	19.89	17.45	17.50	15.87	14.50	12.52	10.15	 9.54	 9.23	 8.88	 8.71	 8.97	 13.60	M6.4\
 1.547	 0.0910	 0.137	2781	 5.121	30.59	19.76	17.36	17.40	15.78	14.42	12.46	10.12	 9.51	 9.20	 8.85	 8.68	 8.94	 13.64	M6.4\
 1.555	 0.0920	 0.138	2793	 5.120	30.60	19.63	17.26	17.31	15.70	14.35	12.40	10.09	 9.49	 9.17	 8.83	 8.66	 8.91	 13.69	M6.3\
 1.562	 0.0930	 0.139	2805	 5.118	30.62	19.52	17.18	17.22	15.62	14.28	12.35	10.07	 9.46	 9.14	 8.80	 8.64	 8.89	 13.72	M6.3\
 1.569	 0.0940	 0.140	2816	 5.117	30.63	19.41	17.10	17.14	15.54	14.22	12.30	10.04	 9.43	 9.12	 8.78	 8.62	 8.86	 13.76	M6.2\
 1.576	 0.0950	 0.141	2827	 5.116	30.64	19.31	17.02	17.07	15.47	14.15	12.25	10.01	 9.41	 9.09	 8.76	 8.60	 8.84	 13.80	M6.2\
 1.583	 0.0960	 0.142	2837	 5.115	30.65	19.21	16.95	16.99	15.40	14.09	12.20	 9.99	 9.38	 9.07	 8.74	 8.58	 8.81	 13.83	M6.2\
 1.590	 0.0970	 0.143	2847	 5.114	30.67	19.11	16.88	16.92	15.34	14.03	12.16	 9.96	 9.36	 9.04	 8.72	 8.56	 8.79	 13.87	M6.1\
 1.597	 0.0980	 0.144	2857	 5.113	30.68	19.02	16.80	16.85	15.27	13.97	12.11	 9.94	 9.33	 9.02	 8.69	 8.54	 8.77	 13.91	M6.1\
 1.604	 0.0990	 0.145	2867	 5.112	30.69	18.92	16.73	16.78	15.20	13.91	12.06	 9.91	 9.31	 9.00	 8.67	 8.52	 8.74	 13.94	M6.1\
 1.611	 0.1000	 0.146	2877	 5.111	30.70	18.83	16.67	16.71	15.14	13.86	12.02	 9.89	 9.29	 8.97	 8.65	 8.50	 8.72	 13.98	M6.0\
 1.618	 0.1010	 0.147	2886	 5.110	30.71	18.75	16.60	16.64	15.08	13.80	11.98	 9.86	 9.26	 8.95	 8.63	 8.48	 8.70	 14.01	M6.0\
 1.625	 0.1020	 0.147	2895	 5.109	30.72	18.66	16.53	16.58	15.02	13.75	11.93	 9.84	 9.24	 8.93	 8.61	 8.46	 8.68	 14.05	M5.9\
 1.632	 0.1030	 0.148	2903	 5.108	30.73	18.58	16.47	16.52	14.96	13.70	11.90	 9.82	 9.22	 8.91	 8.59	 8.45	 8.66	 14.08	M5.9\
 1.638	 0.1040	 0.149	2912	 5.108	30.74	18.51	16.42	16.46	14.91	13.65	11.86	 9.79	 9.20	 8.88	 8.57	 8.43	 8.64	 14.11	M5.9\
 1.645	 0.1050	 0.150	2920	 5.107	30.75	18.44	16.36	16.41	14.86	13.61	11.82	 9.77	 9.18	 8.86	 8.56	 8.41	 8.62	 14.14	M5.9\
 1.652	 0.1060	 0.151	2927	 5.106	30.76	18.37	16.31	16.35	14.81	13.56	11.79	 9.75	 9.16	 8.84	 8.54	 8.39	 8.60	 14.17	M5.8\
 1.658	 0.1070	 0.152	2935	 5.105	30.77	18.30	16.26	16.30	14.76	13.52	11.75	 9.73	 9.14	 8.82	 8.52	 8.38	 8.58	 14.20	M5.8\
 1.665	 0.1080	 0.153	2943	 5.104	30.78	18.24	16.21	16.25	14.71	13.48	11.72	 9.71	 9.12	 8.80	 8.50	 8.36	 8.56	 14.23	M5.8\
 1.671	 0.1090	 0.154	2950	 5.103	30.79	18.17	16.16	16.20	14.66	13.43	11.69	 9.69	 9.10	 8.79	 8.48	 8.34	 8.54	 14.26	M5.7\
 1.678	 0.1100	 0.154	2957	 5.102	30.80	18.11	16.11	16.15	14.62	13.39	11.65	 9.67	 9.08	 8.77	 8.47	 8.33	 8.52	 14.29	M5.7\
 1.684	 0.1110	 0.155	2964	 5.101	30.81	18.04	16.06	16.10	14.57	13.35	11.62	 9.65	 9.06	 8.75	 8.45	 8.31	 8.50	 14.32	M5.7\
 1.691	 0.1120	 0.156	2971	 5.100	30.82	17.98	16.01	16.05	14.53	13.31	11.59	 9.63	 9.04	 8.73	 8.43	 8.29	 8.49	 14.35	M5.6\
 1.697	 0.1130	 0.157	2978	 5.099	30.83	17.92	15.96	16.00	14.48	13.27	11.56	 9.61	 9.02	 8.71	 8.41	 8.28	 8.47	 14.38	M5.6\
 1.704	 0.1140	 0.158	2984	 5.099	30.83	17.86	15.92	15.96	14.44	13.23	11.53	 9.59	 9.00	 8.69	 8.40	 8.26	 8.45	 14.41	M5.6\
 1.710	 0.1150	 0.159	2991	 5.098	30.84	17.80	15.87	15.91	14.39	13.19	11.50	 9.57	 8.98	 8.67	 8.38	 8.25	 8.43	 14.44	M5.6\
 1.716	 0.1160	 0.159	2997	 5.097	30.85	17.75	15.83	15.87	14.35	13.16	11.47	 9.56	 8.96	 8.66	 8.37	 8.23	 8.42	 14.47	M5.5\
 1.723	 0.1170	 0.160	3003	 5.096	30.86	17.70	15.78	15.82	14.31	13.12	11.44	 9.54	 8.95	 8.64	 8.35	 8.22	 8.40	 14.50	M5.5\
 1.729	 0.1180	 0.161	3009	 5.095	30.87	17.65	15.75	15.79	14.28	13.09	11.41	 9.52	 8.93	 8.62	 8.33	 8.20	 8.38	 14.52	M5.5\
 1.735	 0.1190	 0.162	3014	 5.094	30.87	17.60	15.71	15.75	14.24	13.06	11.39	 9.50	 8.91	 8.61	 8.32	 8.19	 8.37	 14.55	M5.5\
 1.741	 0.1200	 0.163	3020	 5.094	30.88	17.56	15.67	15.71	14.21	13.03	11.36	 9.49	 8.90	 8.59	 8.30	 8.17	 8.35	 14.57	M5.4\
 1.747	 0.1210	 0.164	3025	 5.093	30.89	17.51	15.64	15.68	14.17	13.00	11.34	 9.47	 8.88	 8.57	 8.29	 8.16	 8.34	 14.59	M5.4\
 1.753	 0.1220	 0.164	3030	 5.092	30.90	17.47	15.60	15.64	14.14	12.97	11.31	 9.45	 8.86	 8.56	 8.28	 8.14	 8.32	 14.62	M5.4\
 1.759	 0.1230	 0.165	3036	 5.091	30.90	17.43	15.57	15.60	14.11	12.94	11.29	 9.44	 8.85	 8.54	 8.26	 8.13	 8.31	 14.64	M5.4\
 1.765	 0.1240	 0.166	3041	 5.090	30.91	17.38	15.53	15.57	14.07	12.91	11.26	 9.42	 8.83	 8.53	 8.25	 8.12	 8.29	 14.66	M5.3\
 1.771	 0.1250	 0.167	3046	 5.089	30.92	17.34	15.50	15.54	14.04	12.88	11.24	 9.40	 8.82	 8.51	 8.23	 8.10	 8.28	 14.68	M5.3\
 1.777	 0.1260	 0.168	3050	 5.089	30.92	17.30	15.46	15.50	14.01	12.85	11.22	 9.39	 8.80	 8.50	 8.22	 8.09	 8.26	 14.71	M5.3\
 1.783	 0.1270	 0.169	3055	 5.088	30.93	17.26	15.43	15.47	13.98	12.82	11.20	 9.37	 8.78	 8.48	 8.20	 8.08	 8.25	 14.73	M5.3\
 1.789	 0.1280	 0.169	3060	 5.087	30.94	17.22	15.40	15.44	13.95	12.79	11.17	 9.36	 8.77	 8.47	 8.19	 8.06	 8.23	 14.75	M5.2\
 1.795	 0.1290	 0.170	3065	 5.086	30.95	17.18	15.37	15.40	13.92	12.76	11.15	 9.34	 8.75	 8.45	 8.18	 8.05	 8.22	 14.77	M5.2\
 1.801	 0.1300	 0.171	3069	 5.086	30.95	17.14	15.33	15.37	13.89	12.74	11.13	 9.33	 8.74	 8.44	 8.16	 8.04	 8.21	 14.80	M5.2\
 1.807	 0.1310	 0.172	3074	 5.085	30.96	17.10	15.30	15.34	13.86	12.71	11.11	 9.31	 8.72	 8.42	 8.15	 8.03	 8.19	 14.82	M5.2\
 1.813	 0.1320	 0.173	3078	 5.084	30.97	17.06	15.27	15.31	13.83	12.68	11.08	 9.30	 8.71	 8.41	 8.14	 8.01	 8.18	 14.84	M5.2\
 1.818	 0.1330	 0.173	3083	 5.083	30.97	17.02	15.24	15.28	13.80	12.66	11.06	 9.28	 8.70	 8.40	 8.12	 8.00	 8.16	 14.86	M5.1\
 1.824	 0.1340	 0.174	3087	 5.083	30.98	16.99	15.21	15.25	13.77	12.63	11.04	 9.27	 8.68	 8.38	 8.11	 7.99	 8.15	 14.88	M5.1\
 1.830	 0.1350	 0.175	3091	 5.082	30.98	16.95	15.18	15.22	13.74	12.60	11.02	 9.25	 8.67	 8.37	 8.10	 7.98	 8.14	 14.91	M5.1\
 1.835	 0.1360	 0.176	3096	 5.081	30.99	16.91	15.15	15.19	13.71	12.58	11.00	 9.24	 8.65	 8.35	 8.08	 7.96	 8.12	 14.93	M5.1\
 1.841	 0.1370	 0.177	3100	 5.081	31.00	16.88	15.12	15.16	13.68	12.55	10.98	 9.22	 8.64	 8.34	 8.07	 7.95	 8.11	 14.95	M5\
 1.847	 0.1380	 0.177	3105	 5.080	31.00	16.84	15.09	15.12	13.65	12.53	10.96	 9.21	 8.62	 8.33	 8.06	 7.94	 8.10	 14.98	M5\
 1.852	 0.1390	 0.178	3110	 5.079	31.01	16.80	15.06	15.09	13.62	12.50	10.94	 9.19	 8.61	 8.31	 8.05	 7.93	 8.08	 15.00	M5\
 1.858	 0.1400	 0.179	3115	 5.078	31.02	16.76	15.02	15.06	13.59	12.47	10.92	 9.18	 8.60	 8.30	 8.03	 7.91	 8.07	 15.02	M5\
 1.863	 0.1410	 0.180	3120	 5.078	31.02	16.72	14.99	15.03	13.57	12.45	10.89	 9.17	 8.58	 8.28	 8.02	 7.90	 8.06	 15.05	M5\
 1.869	 0.1420	 0.181	3124	 5.077	31.03	16.68	14.96	15.00	13.54	12.42	10.87	 9.15	 8.57	 8.27	 8.01	 7.89	 8.05	 15.07	M4.9\
 1.874	 0.1430	 0.181	3129	 5.076	31.04	16.64	14.93	14.97	13.51	12.39	10.85	 9.14	 8.55	 8.26	 8.00	 7.88	 8.03	 15.10	M4.9\
 1.880	 0.1440	 0.182	3134	 5.076	31.04	16.61	14.90	14.94	13.48	12.37	10.83	 9.12	 8.54	 8.24	 7.98	 7.87	 8.02	 15.12	M4.9\
 1.885	 0.1450	 0.183	3138	 5.075	31.05	16.57	14.87	14.91	13.45	12.34	10.81	 9.11	 8.53	 8.23	 7.97	 7.86	 8.01	 15.15	M4.9\
 1.891	 0.1460	 0.184	3143	 5.074	31.06	16.53	14.84	14.88	13.42	12.32	10.79	 9.10	 8.51	 8.22	 7.96	 7.84	 7.99	 15.17	M4.8\
 1.896	 0.1470	 0.184	3147	 5.074	31.06	16.50	14.81	14.85	13.39	12.29	10.77	 9.08	 8.50	 8.21	 7.95	 7.83	 7.98	 15.19	M4.8\
 1.901	 0.1480	 0.185	3152	 5.073	31.07	16.46	14.78	14.82	13.37	12.27	10.75	 9.07	 8.49	 8.19	 7.93	 7.82	 7.97	 15.22	M4.8\
 1.907	 0.1490	 0.186	3156	 5.072	31.07	16.43	14.76	14.79	13.34	12.24	10.73	 9.06	 8.47	 8.18	 7.92	 7.81	 7.96	 15.24	M4.8\
 1.912	 0.1500	 0.187	3160	 5.072	31.08	16.39	14.73	14.76	13.31	12.22	10.71	 9.04	 8.46	 8.17	 7.91	 7.80	 7.95	 15.27	M4.7\
 1.917	 0.1510	 0.187	3165	 5.071	31.09	16.36	14.70	14.74	13.29	12.20	10.70	 9.03	 8.45	 8.16	 7.90	 7.79	 7.93	 15.29	M4.7\
 1.923	 0.1520	 0.188	3169	 5.070	31.09	16.32	14.67	14.71	13.26	12.17	10.68	 9.02	 8.44	 8.14	 7.89	 7.78	 7.92	 15.31	M4.7\
 1.928	 0.1530	 0.189	3173	 5.070	31.10	16.29	14.64	14.68	13.24	12.15	10.66	 9.00	 8.42	 8.13	 7.88	 7.77	 7.91	 15.34	M4.7\
 1.933	 0.1540	 0.190	3177	 5.069	31.10	16.26	14.62	14.65	13.21	12.13	10.64	 8.99	 8.41	 8.12	 7.86	 7.75	 7.90	 15.36	M4.6\
 1.938	 0.1550	 0.190	3181	 5.068	31.11	16.23	14.59	14.63	13.18	12.10	10.62	 8.98	 8.40	 8.11	 7.85	 7.74	 7.89	 15.38	M4.6\
 1.943	 0.1560	 0.191	3185	 5.068	31.11	16.19	14.56	14.60	13.16	12.08	10.60	 8.96	 8.39	 8.09	 7.84	 7.73	 7.87	 15.41	M4.6\
 1.949	 0.1570	 0.192	3189	 5.067	31.12	16.16	14.54	14.57	13.14	12.06	10.59	 8.95	 8.37	 8.08	 7.83	 7.72	 7.86	 15.43	M4.6\
 1.954	 0.1580	 0.193	3193	 5.067	31.12	16.13	14.51	14.55	13.11	12.04	10.57	 8.94	 8.36	 8.07	 7.82	 7.71	 7.85	 15.45	M4.5\
 1.959	 0.1590	 0.193	3197	 5.066	31.13	16.10	14.49	14.52	13.09	12.01	10.55	 8.93	 8.35	 8.06	 7.81	 7.70	 7.84	 15.48	M4.5\
 1.964	 0.1600	 0.194	3200	 5.065	31.14	16.07	14.46	14.50	13.06	11.99	10.53	 8.92	 8.34	 8.05	 7.80	 7.69	 7.83	 15.50	M4.5\
 1.969	 0.1610	 0.195	3203	 5.065	31.14	16.05	14.44	14.48	13.05	11.98	10.52	 8.90	 8.33	 8.04	 7.79	 7.68	 7.82	 15.51	M4.5\
 1.974	 0.1620	 0.196	3206	 5.064	31.15	16.02	14.42	14.46	13.03	11.96	10.51	 8.89	 8.32	 8.03	 7.78	 7.67	 7.81	 15.52	M4.5\
 1.979	 0.1630	 0.196	3209	 5.063	31.15	16.00	14.41	14.44	13.01	11.94	10.49	 8.88	 8.31	 8.02	 7.77	 7.66	 7.80	 15.54	M4.5\
 1.984	 0.1640	 0.197	3211	 5.063	31.15	15.98	14.39	14.42	12.99	11.93	10.48	 8.87	 8.30	 8.01	 7.76	 7.65	 7.79	 15.55	M4.4\
 1.989	 0.1650	 0.198	3214	 5.062	31.16	15.96	14.37	14.41	12.98	11.91	10.46	 8.86	 8.29	 8.00	 7.75	 7.64	 7.78	 15.56	M4.4\
 1.994	 0.1660	 0.199	3216	 5.062	31.16	15.94	14.35	14.39	12.96	11.90	10.45	 8.85	 8.27	 7.99	 7.74	 7.63	 7.77	 15.58	M4.4\
 1.999	 0.1670	 0.199	3219	 5.061	31.17	15.92	14.33	14.37	12.94	11.88	10.44	 8.84	 8.26	 7.98	 7.73	 7.62	 7.76	 15.59	M4.4\
 2.004	 0.1680	 0.200	3222	 5.061	31.17	15.90	14.32	14.35	12.92	11.87	10.42	 8.83	 8.25	 7.97	 7.72	 7.62	 7.75	 15.60	M4.4\
 2.009	 0.1690	 0.201	3224	 5.060	31.18	15.88	14.30	14.33	12.91	11.85	10.41	 8.82	 8.24	 7.96	 7.71	 7.61	 7.74	 15.62	M4.4\
 2.014	 0.1700	 0.202	3227	 5.059	31.18	15.86	14.28	14.32	12.89	11.84	10.40	 8.81	 8.23	 7.95	 7.70	 7.60	 7.73	 15.63	M4.4\
 2.019	 0.1710	 0.202	3229	 5.059	31.19	15.84	14.26	14.30	12.88	11.82	10.39	 8.80	 8.22	 7.94	 7.69	 7.59	 7.72	 15.64	M4.4\
 2.023	 0.1720	 0.203	3232	 5.058	31.19	15.82	14.25	14.28	12.86	11.80	10.37	 8.79	 8.21	 7.93	 7.68	 7.58	 7.71	 15.65	M4.3\
 2.028	 0.1730	 0.204	3234	 5.058	31.20	15.80	14.23	14.26	12.84	11.79	10.36	 8.78	 8.20	 7.92	 7.67	 7.57	 7.70	 15.67	M4.3\
 2.033	 0.1740	 0.204	3236	 5.057	31.20	15.78	14.21	14.25	12.83	11.78	10.35	 8.77	 8.19	 7.91	 7.66	 7.56	 7.70	 15.68	M4.3\
 2.038	 0.1750	 0.205	3239	 5.057	31.20	15.76	14.19	14.23	12.81	11.76	10.33	 8.76	 8.18	 7.90	 7.65	 7.55	 7.69	 15.69	M4.3\
 2.043	 0.1760	 0.206	3241	 5.056	31.21	15.74	14.18	14.21	12.79	11.75	10.32	 8.75	 8.17	 7.89	 7.65	 7.54	 7.68	 15.70	M4.3\
 2.047	 0.1770	 0.207	3243	 5.055	31.21	15.72	14.16	14.20	12.78	11.73	10.31	 8.74	 8.16	 7.88	 7.64	 7.53	 7.67	 15.72	M4.3\
 2.052	 0.1780	 0.207	3246	 5.055	31.22	15.71	14.14	14.18	12.76	11.72	10.30	 8.73	 8.15	 7.87	 7.63	 7.53	 7.66	 15.73	M4.3\
 2.057	 0.1790	 0.208	3248	 5.054	31.22	15.69	14.13	14.16	12.75	11.70	10.28	 8.72	 8.14	 7.86	 7.62	 7.52	 7.65	 15.74	M4.3\
 2.062	 0.1800	 0.209	3250	 5.054	31.23	15.67	14.11	14.15	12.73	11.69	10.27	 8.71	 8.13	 7.85	 7.61	 7.51	 7.64	 15.75	M4.2\
 2.066	 0.1810	 0.209	3253	 5.053	31.23	15.65	14.10	14.13	12.72	11.67	10.26	 8.70	 8.12	 7.84	 7.60	 7.50	 7.63	 15.77	M4.2\
 2.071	 0.1820	 0.210	3255	 5.053	31.23	15.63	14.08	14.12	12.70	11.66	10.25	 8.69	 8.12	 7.83	 7.59	 7.49	 7.62	 15.78	M4.2\
 2.075	 0.1830	 0.211	3257	 5.052	31.24	15.61	14.06	14.10	12.69	11.65	10.24	 8.68	 8.11	 7.82	 7.58	 7.48	 7.62	 15.79	M4.2\
 2.080	 0.1840	 0.212	3259	 5.052	31.24	15.59	14.05	14.08	12.67	11.63	10.22	 8.67	 8.10	 7.81	 7.57	 7.47	 7.61	 15.80	M4.2\
 2.085	 0.1850	 0.212	3262	 5.051	31.25	15.58	14.03	14.07	12.66	11.62	10.21	 8.66	 8.09	 7.80	 7.57	 7.47	 7.60	 15.81	M4.2\
 2.089	 0.1860	 0.213	3264	 5.051	31.25	15.56	14.02	14.05	12.64	11.61	10.20	 8.65	 8.08	 7.79	 7.56	 7.46	 7.59	 15.83	M4.2\
 2.094	 0.1870	 0.214	3266	 5.050	31.25	15.54	14.00	14.04	12.63	11.59	10.19	 8.64	 8.07	 7.78	 7.55	 7.45	 7.58	 15.84	M4.2\
 2.098	 0.1880	 0.214	3268	 5.049	31.26	15.52	13.99	14.02	12.61	11.58	10.18	 8.63	 8.06	 7.78	 7.54	 7.44	 7.57	 15.85	M4.2\
 2.103	 0.1890	 0.215	3270	 5.049	31.26	15.51	13.97	14.01	12.60	11.57	10.17	 8.62	 8.05	 7.77	 7.53	 7.43	 7.56	 15.86	M4.1\
 2.108	 0.1900	 0.216	3272	 5.048	31.27	15.49	13.95	13.99	12.58	11.55	10.16	 8.61	 8.04	 7.76	 7.52	 7.43	 7.56	 15.87	M4.1\
 2.112	 0.1910	 0.216	3274	 5.048	31.27	15.47	13.94	13.98	12.57	11.54	10.14	 8.60	 8.03	 7.75	 7.51	 7.42	 7.55	 15.88	M4.1\
 2.117	 0.1920	 0.217	3276	 5.047	31.27	15.46	13.93	13.96	12.56	11.53	10.13	 8.60	 8.02	 7.74	 7.51	 7.41	 7.54	 15.90	M4.1\
 2.121	 0.1930	 0.218	3278	 5.047	31.28	15.44	13.91	13.95	12.54	11.51	10.12	 8.59	 8.01	 7.73	 7.50	 7.40	 7.53	 15.91	M4.1\
 2.125	 0.1940	 0.219	3280	 5.046	31.28	15.42	13.90	13.93	12.53	11.50	10.11	 8.58	 8.01	 7.72	 7.49	 7.39	 7.52	 15.92	M4.1\
 2.130	 0.1950	 0.219	3282	 5.046	31.28	15.41	13.88	13.92	12.52	11.49	10.10	 8.57	 8.00	 7.72	 7.48	 7.39	 7.51	 15.93	M4.1\
 2.134	 0.1960	 0.220	3284	 5.045	31.29	15.39	13.87	13.90	12.50	11.48	10.09	 8.56	 7.99	 7.71	 7.47	 7.38	 7.51	 15.94	M4.1\
 2.139	 0.1970	 0.221	3286	 5.045	31.29	15.38	13.86	13.89	12.49	11.46	10.08	 8.55	 7.98	 7.70	 7.47	 7.37	 7.50	 15.95	M4.1\
 2.143	 0.1980	 0.221	3287	 5.044	31.30	15.36	13.84	13.88	12.48	11.45	10.07	 8.54	 7.97	 7.69	 7.46	 7.36	 7.49	 15.96	M4\
 2.147	 0.1990	 0.222	3289	 5.044	31.30	15.35	13.83	13.86	12.47	11.44	10.06	 8.53	 7.96	 7.68	 7.45	 7.35	 7.48	 15.96	M4\
 2.152	 0.2000	 0.223	3290	 5.043	31.30	15.33	13.82	13.85	12.45	11.43	10.05	 8.53	 7.96	 7.67	 7.44	 7.35	 7.48	 15.97	M4\
 3.183	 0.2000	 0.289	3300	 4.817	31.53	14.64	13.20	13.23	11.89	10.87	 9.49	 7.95	 7.37	 7.09	 6.86	 6.77	 6.90	 15.86	M4.1\
 3.191	 0.2010	 0.290	3301	 4.816	31.54	14.62	13.19	13.22	11.87	10.86	 9.48	 7.94	 7.36	 7.08	 6.86	 6.76	 6.89	 15.87	M4.1\
 3.200	 0.2020	 0.291	3303	 4.815	31.54	14.61	13.17	13.21	11.86	10.85	 9.47	 7.93	 7.35	 7.07	 6.85	 6.75	 6.88	 15.88	M4.1\
 3.208	 0.2030	 0.292	3305	 4.814	31.55	14.60	13.16	13.19	11.85	10.84	 9.46	 7.92	 7.34	 7.06	 6.84	 6.74	 6.87	 15.88	M4.1\
 3.216	 0.2040	 0.293	3306	 4.813	31.55	14.58	13.15	13.18	11.84	10.83	 9.45	 7.91	 7.34	 7.05	 6.83	 6.74	 6.86	 15.89	M4.1\
 3.225	 0.2050	 0.294	3308	 4.813	31.55	14.57	13.14	13.17	11.83	10.81	 9.44	 7.90	 7.33	 7.04	 6.82	 6.73	 6.86	 15.90	M4.1\
 3.233	 0.2060	 0.295	3309	 4.812	31.56	14.56	13.12	13.16	11.81	10.80	 9.43	 7.89	 7.32	 7.04	 6.81	 6.72	 6.85	 15.90	M4.1\
 3.241	 0.2070	 0.296	3311	 4.811	31.56	14.54	13.11	13.14	11.80	10.79	 9.42	 7.88	 7.31	 7.03	 6.81	 6.71	 6.84	 15.91	M4.1\
 3.250	 0.2080	 0.297	3312	 4.810	31.56	14.53	13.10	13.13	11.79	10.78	 9.41	 7.87	 7.30	 7.02	 6.80	 6.70	 6.83	 15.92	M4.1\
 3.258	 0.2090	 0.298	3314	 4.809	31.57	14.52	13.09	13.12	11.78	10.77	 9.40	 7.87	 7.29	 7.01	 6.79	 6.70	 6.82	 15.93	M4.1\
 3.266	 0.2100	 0.299	3315	 4.808	31.57	14.50	13.07	13.11	11.77	10.76	 9.39	 7.86	 7.28	 7.00	 6.78	 6.69	 6.82	 15.93	M4.1\
 3.274	 0.2110	 0.300	3317	 4.808	31.58	14.49	13.06	13.09	11.76	10.75	 9.38	 7.85	 7.27	 6.99	 6.77	 6.68	 6.81	 15.94	M4.1\
 3.282	 0.2120	 0.301	3318	 4.807	31.58	14.48	13.05	13.08	11.74	10.74	 9.37	 7.84	 7.26	 6.98	 6.76	 6.67	 6.80	 15.95	M4.1\
 3.291	 0.2130	 0.302	3320	 4.806	31.58	14.47	13.04	13.07	11.73	10.73	 9.36	 7.83	 7.26	 6.98	 6.76	 6.66	 6.79	 15.95	M4\
 3.299	 0.2140	 0.303	3321	 4.805	31.59	14.45	13.03	13.06	11.72	10.71	 9.35	 7.82	 7.25	 6.97	 6.75	 6.66	 6.78	 15.96	M4\
 3.307	 0.2150	 0.304	3323	 4.804	31.59	14.44	13.01	13.05	11.71	10.70	 9.34	 7.81	 7.24	 6.96	 6.74	 6.65	 6.78	 15.97	M4\
 3.315	 0.2160	 0.305	3324	 4.804	31.59	14.43	13.00	13.03	11.70	10.69	 9.33	 7.80	 7.23	 6.95	 6.73	 6.64	 6.77	 15.97	M4\
 3.323	 0.2170	 0.306	3326	 4.803	31.60	14.41	12.99	13.02	11.69	10.68	 9.32	 7.80	 7.22	 6.94	 6.72	 6.63	 6.76	 15.98	M4\
 3.331	 0.2180	 0.307	3327	 4.802	31.60	14.40	12.98	13.01	11.68	10.67	 9.31	 7.79	 7.21	 6.93	 6.72	 6.62	 6.75	 15.99	M4\
 3.339	 0.2190	 0.308	3329	 4.801	31.60	14.39	12.97	13.00	11.66	10.66	 9.30	 7.78	 7.20	 6.93	 6.71	 6.62	 6.74	 15.99	M4\
 3.347	 0.2200	 0.309	3330	 4.800	31.61	14.38	12.95	12.99	11.65	10.65	 9.29	 7.77	 7.20	 6.92	 6.70	 6.61	 6.74	 16.00	M4\
 3.355	 0.2210	 0.310	3332	 4.800	31.61	14.36	12.94	12.98	11.64	10.64	 9.28	 7.76	 7.19	 6.91	 6.69	 6.60	 6.73	 16.01	M4\
 3.363	 0.2220	 0.311	3333	 4.799	31.61	14.35	12.93	12.96	11.63	10.63	 9.27	 7.75	 7.18	 6.90	 6.68	 6.59	 6.72	 16.01	M4\
 3.371	 0.2230	 0.312	3334	 4.798	31.62	14.34	12.92	12.95	11.62	10.62	 9.26	 7.75	 7.17	 6.89	 6.68	 6.59	 6.71	 16.02	M4\
 3.379	 0.2240	 0.313	3337	 4.797	31.62	14.32	12.90	12.94	11.61	10.61	 9.25	 7.74	 7.16	 6.89	 6.67	 6.58	 6.71	 16.03	M4\
 3.387	 0.2250	 0.314	3338	 4.797	31.63	14.31	12.89	12.93	11.60	10.60	 9.24	 7.73	 7.15	 6.88	 6.66	 6.57	 6.70	 16.04	M4\
 3.395	 0.2260	 0.315	3339	 4.796	31.63	14.30	12.88	12.92	11.58	10.59	 9.23	 7.72	 7.15	 6.87	 6.65	 6.56	 6.69	 16.04	M4\
 3.403	 0.2270	 0.316	3341	 4.795	31.63	14.29	12.87	12.90	11.57	10.58	 9.22	 7.71	 7.14	 6.86	 6.65	 6.56	 6.68	 16.05	M4\
 3.410	 0.2280	 0.317	3342	 4.794	31.64	14.28	12.86	12.89	11.56	10.57	 9.21	 7.70	 7.13	 6.85	 6.64	 6.55	 6.68	 16.05	M3.9\
 3.418	 0.2290	 0.318	3344	 4.794	31.64	14.26	12.85	12.88	11.55	10.56	 9.20	 7.70	 7.12	 6.85	 6.63	 6.54	 6.67	 16.06	M3.9\
 3.426	 0.2300	 0.319	3345	 4.793	31.64	14.25	12.84	12.87	11.54	10.55	 9.19	 7.69	 7.11	 6.84	 6.62	 6.53	 6.66	 16.07	M3.9\
 3.434	 0.2310	 0.320	3346	 4.792	31.65	14.24	12.83	12.86	11.53	10.54	 9.18	 7.68	 7.11	 6.83	 6.62	 6.53	 6.65	 16.07	M3.9\
 3.442	 0.2320	 0.321	3348	 4.791	31.65	14.23	12.82	12.85	11.52	10.53	 9.17	 7.67	 7.10	 6.82	 6.61	 6.52	 6.65	 16.08	M3.9\
 3.449	 0.2330	 0.322	3349	 4.791	31.65	14.22	12.80	12.84	11.51	10.52	 9.17	 7.67	 7.09	 6.82	 6.60	 6.51	 6.64	 16.09	M3.9\
 3.457	 0.2340	 0.322	3350	 4.790	31.66	14.21	12.79	12.83	11.50	10.51	 9.16	 7.66	 7.08	 6.81	 6.59	 6.51	 6.63	 16.09	M3.9\
 3.465	 0.2350	 0.323	3352	 4.789	31.66	14.19	12.78	12.82	11.49	10.50	 9.15	 7.65	 7.07	 6.80	 6.59	 6.50	 6.63	 16.10	M3.9\
 3.473	 0.2360	 0.324	3353	 4.788	31.66	14.18	12.77	12.81	11.48	10.49	 9.14	 7.64	 7.07	 6.79	 6.58	 6.49	 6.62	 16.10	M3.9\
 3.480	 0.2370	 0.325	3354	 4.788	31.67	14.17	12.76	12.79	11.47	10.48	 9.13	 7.63	 7.06	 6.78	 6.57	 6.48	 6.61	 16.11	M3.9\
 3.488	 0.2380	 0.326	3356	 4.787	31.67	14.16	12.75	12.78	11.46	10.47	 9.12	 7.63	 7.05	 6.78	 6.56	 6.48	 6.60	 16.12	M3.9\
 3.496	 0.2390	 0.327	3357	 4.786	31.67	14.15	12.74	12.77	11.45	10.46	 9.11	 7.62	 7.04	 6.77	 6.56	 6.47	 6.60	 16.12	M3.9\
 3.503	 0.2400	 0.328	3358	 4.786	31.67	14.14	12.73	12.76	11.44	10.45	 9.10	 7.61	 7.04	 6.76	 6.55	 6.46	 6.59	 16.13	M3.9\
 3.511	 0.2410	 0.329	3359	 4.785	31.68	14.13	12.72	12.75	11.43	10.44	 9.10	 7.60	 7.03	 6.75	 6.54	 6.46	 6.58	 16.13	M3.9\
 3.518	 0.2420	 0.330	3361	 4.784	31.68	14.11	12.71	12.74	11.42	10.43	 9.09	 7.60	 7.02	 6.75	 6.54	 6.45	 6.58	 16.14	M3.9\
 3.526	 0.2430	 0.331	3363	 4.783	31.68	14.10	12.70	12.73	11.41	10.42	 9.08	 7.59	 7.01	 6.74	 6.53	 6.44	 6.57	 16.15	M3.9\
 3.534	 0.2440	 0.332	3364	 4.783	31.69	14.09	12.69	12.72	11.40	10.41	 9.07	 7.58	 7.00	 6.73	 6.52	 6.44	 6.56	 16.16	M3.8\
 3.541	 0.2450	 0.333	3365	 4.782	31.69	14.08	12.67	12.71	11.39	10.40	 9.06	 7.57	 7.00	 6.72	 6.51	 6.43	 6.55	 16.16	M3.8\
 3.549	 0.2460	 0.334	3366	 4.781	31.69	14.07	12.66	12.70	11.38	10.39	 9.05	 7.57	 6.99	 6.72	 6.51	 6.42	 6.55	 16.17	M3.8\
 3.556	 0.2470	 0.335	3368	 4.781	31.70	14.06	12.65	12.69	11.37	10.38	 9.04	 7.56	 6.98	 6.71	 6.50	 6.41	 6.54	 16.17	M3.8\
 3.564	 0.2480	 0.336	3369	 4.780	31.70	14.05	12.64	12.68	11.36	10.37	 9.03	 7.55	 6.98	 6.70	 6.49	 6.41	 6.53	 16.18	M3.8\
 3.571	 0.2490	 0.337	3370	 4.779	31.70	14.04	12.63	12.67	11.35	10.36	 9.03	 7.54	 6.97	 6.70	 6.49	 6.40	 6.53	 16.19	M3.8\
 3.578	 0.2500	 0.338	3372	 4.779	31.71	14.03	12.62	12.66	11.34	10.35	 9.02	 7.54	 6.96	 6.69	 6.48	 6.39	 6.52	 16.19	M3.8\
 3.586	 0.2510	 0.339	3373	 4.778	31.71	14.01	12.61	12.65	11.33	10.34	 9.01	 7.53	 6.95	 6.68	 6.47	 6.39	 6.51	 16.20	M3.8\
 3.593	 0.2520	 0.340	3374	 4.777	31.71	14.00	12.60	12.64	11.32	10.34	 9.00	 7.52	 6.95	 6.67	 6.47	 6.38	 6.51	 16.20	M3.8\
 3.601	 0.2530	 0.341	3375	 4.777	31.72	13.99	12.59	12.63	11.31	10.33	 8.99	 7.51	 6.94	 6.67	 6.46	 6.37	 6.50	 16.21	M3.8\
 3.608	 0.2540	 0.341	3376	 4.776	31.72	13.98	12.58	12.62	11.30	10.32	 8.98	 7.51	 6.93	 6.66	 6.45	 6.37	 6.49	 16.21	M3.8\
 3.615	 0.2550	 0.342	3378	 4.775	31.72	13.97	12.57	12.61	11.29	10.31	 8.98	 7.50	 6.92	 6.65	 6.45	 6.36	 6.49	 16.22	M3.8\
 3.623	 0.2560	 0.343	3379	 4.775	31.72	13.96	12.56	12.60	11.28	10.30	 8.97	 7.49	 6.92	 6.65	 6.44	 6.35	 6.48	 16.23	M3.8\
 3.630	 0.2570	 0.344	3380	 4.774	31.73	13.95	12.55	12.59	11.27	10.29	 8.96	 7.48	 6.91	 6.64	 6.43	 6.35	 6.47	 16.23	M3.8\
 3.637	 0.2580	 0.345	3381	 4.773	31.73	13.94	12.54	12.58	11.26	10.28	 8.95	 7.48	 6.90	 6.63	 6.43	 6.34	 6.47	 16.24	M3.8\
 3.645	 0.2590	 0.346	3383	 4.773	31.73	13.93	12.53	12.57	11.25	10.27	 8.94	 7.47	 6.90	 6.63	 6.42	 6.34	 6.46	 16.24	M3.8\
 3.652	 0.2600	 0.347	3384	 4.772	31.74	13.92	12.52	12.56	11.24	10.26	 8.94	 7.46	 6.89	 6.62	 6.41	 6.33	 6.45	 16.25	M3.7\
 3.659	 0.2610	 0.348	3385	 4.771	31.74	13.91	12.51	12.55	11.23	10.26	 8.93	 7.46	 6.88	 6.61	 6.41	 6.32	 6.45	 16.26	M3.7\
 3.667	 0.2620	 0.349	3386	 4.771	31.74	13.90	12.50	12.54	11.22	10.25	 8.92	 7.45	 6.87	 6.60	 6.40	 6.32	 6.44	 16.26	M3.7\
 3.674	 0.2630	 0.350	3388	 4.770	31.75	13.89	12.49	12.53	11.21	10.24	 8.91	 7.44	 6.87	 6.60	 6.39	 6.31	 6.44	 16.27	M3.7\
 3.681	 0.2640	 0.351	3389	 4.769	31.75	13.88	12.48	12.52	11.20	10.23	 8.90	 7.44	 6.86	 6.59	 6.39	 6.30	 6.43	 16.27	M3.7\
 3.688	 0.2650	 0.352	3390	 4.769	31.75	13.87	12.47	12.51	11.20	10.22	 8.90	 7.43	 6.85	 6.58	 6.38	 6.30	 6.42	 16.28	M3.7\
 3.695	 0.2660	 0.353	3391	 4.768	31.75	13.86	12.47	12.50	11.19	10.21	 8.89	 7.42	 6.85	 6.58	 6.37	 6.29	 6.42	 16.29	M3.7\
 3.703	 0.2670	 0.354	3392	 4.767	31.76	13.85	12.46	12.49	11.18	10.20	 8.88	 7.41	 6.84	 6.57	 6.37	 6.28	 6.41	 16.29	M3.7\
 3.710	 0.2680	 0.354	3394	 4.767	31.76	13.84	12.45	12.48	11.17	10.19	 8.87	 7.41	 6.83	 6.56	 6.36	 6.28	 6.40	 16.30	M3.7\
 3.717	 0.2690	 0.355	3395	 4.766	31.76	13.83	12.44	12.47	11.16	10.19	 8.86	 7.40	 6.83	 6.56	 6.35	 6.27	 6.40	 16.30	M3.7\
 3.724	 0.2700	 0.356	3397	 4.765	31.77	13.81	12.42	12.46	11.15	10.18	 8.85	 7.39	 6.82	 6.55	 6.35	 6.26	 6.39	 16.31	M3.7\
 3.731	 0.2710	 0.357	3398	 4.765	31.77	13.80	12.42	12.45	11.14	10.17	 8.85	 7.39	 6.81	 6.54	 6.34	 6.26	 6.38	 16.32	M3.7\
 3.738	 0.2720	 0.358	3399	 4.764	31.77	13.79	12.41	12.44	11.13	10.16	 8.84	 7.38	 6.80	 6.54	 6.33	 6.25	 6.38	 16.32	M3.7\
 3.745	 0.2730	 0.359	3400	 4.764	31.77	13.78	12.40	12.43	11.12	10.15	 8.83	 7.37	 6.80	 6.53	 6.33	 6.25	 6.37	 16.33	M3.7\
 3.752	 0.2740	 0.360	3401	 4.763	31.78	13.78	12.39	12.42	11.11	10.14	 8.82	 7.37	 6.79	 6.52	 6.32	 6.24	 6.37	 16.33	M3.7\
 3.759	 0.2750	 0.361	3402	 4.762	31.78	13.77	12.38	12.41	11.10	10.13	 8.82	 7.36	 6.78	 6.52	 6.31	 6.23	 6.36	 16.34	M3.7\
 3.766	 0.2760	 0.362	3403	 4.762	31.78	13.76	12.37	12.40	11.10	10.13	 8.81	 7.35	 6.78	 6.51	 6.31	 6.23	 6.35	 16.34	M3.7\
 3.773	 0.2770	 0.363	3404	 4.761	31.79	13.75	12.36	12.39	11.09	10.12	 8.80	 7.35	 6.77	 6.51	 6.30	 6.22	 6.35	 16.35	M3.7\
 3.780	 0.2780	 0.364	3405	 4.760	31.79	13.74	12.35	12.39	11.08	10.11	 8.80	 7.34	 6.77	 6.50	 6.30	 6.22	 6.34	 16.35	M3.6\
 3.787	 0.2790	 0.365	3406	 4.760	31.79	13.73	12.35	12.38	11.07	10.10	 8.79	 7.33	 6.76	 6.49	 6.29	 6.21	 6.34	 16.36	M3.6\
 3.794	 0.2800	 0.365	3407	 4.759	31.79	13.72	12.34	12.37	11.06	10.10	 8.78	 7.33	 6.75	 6.49	 6.28	 6.20	 6.33	 16.36	M3.6\
 3.801	 0.2810	 0.366	3408	 4.759	31.80	13.71	12.33	12.36	11.06	10.09	 8.77	 7.32	 6.75	 6.48	 6.28	 6.20	 6.33	 16.37	M3.6\
 3.808	 0.2820	 0.367	3409	 4.758	31.80	13.71	12.32	12.35	11.05	10.08	 8.77	 7.32	 6.74	 6.47	 6.27	 6.19	 6.32	 16.37	M3.6\
 3.815	 0.2830	 0.368	3410	 4.757	31.80	13.70	12.31	12.34	11.04	10.07	 8.76	 7.31	 6.73	 6.47	 6.27	 6.19	 6.31	 16.38	M3.6\
 3.822	 0.2840	 0.369	3411	 4.757	31.80	13.69	12.30	12.34	11.03	10.06	 8.75	 7.30	 6.73	 6.46	 6.26	 6.18	 6.31	 16.38	M3.6\
 3.829	 0.2850	 0.370	3412	 4.756	31.81	13.68	12.30	12.33	11.02	10.06	 8.75	 7.30	 6.72	 6.46	 6.25	 6.18	 6.30	 16.38	M3.6\
 3.836	 0.2860	 0.371	3413	 4.756	31.81	13.67	12.29	12.32	11.02	10.05	 8.74	 7.29	 6.71	 6.45	 6.25	 6.17	 6.30	 16.39	M3.6\
 3.843	 0.2870	 0.372	3414	 4.755	31.81	13.66	12.28	12.31	11.01	10.04	 8.73	 7.28	 6.71	 6.44	 6.24	 6.16	 6.29	 16.39	M3.6\
 3.849	 0.2880	 0.373	3415	 4.754	31.81	13.65	12.27	12.30	11.00	10.03	 8.72	 7.28	 6.70	 6.44	 6.24	 6.16	 6.28	 16.40	M3.6\
 3.856	 0.2890	 0.374	3416	 4.754	31.82	13.65	12.26	12.29	10.99	10.03	 8.72	 7.27	 6.70	 6.43	 6.23	 6.15	 6.28	 16.40	M3.6\
 3.863	 0.2900	 0.375	3417	 4.753	31.82	13.64	12.25	12.29	10.98	10.02	 8.71	 7.27	 6.69	 6.43	 6.22	 6.15	 6.27	 16.41	M3.6\
 3.870	 0.2910	 0.375	3418	 4.753	31.82	13.63	12.25	12.28	10.98	10.01	 8.70	 7.26	 6.68	 6.42	 6.22	 6.14	 6.27	 16.41	M3.6\
 3.877	 0.2920	 0.376	3419	 4.752	31.82	13.62	12.24	12.27	10.97	10.00	 8.70	 7.25	 6.68	 6.41	 6.21	 6.13	 6.26	 16.42	M3.6\
 3.884	 0.2930	 0.377	3420	 4.751	31.83	13.61	12.23	12.26	10.96	10.00	 8.69	 7.25	 6.67	 6.41	 6.21	 6.13	 6.26	 16.42	M3.6\
 3.890	 0.2940	 0.378	3421	 4.751	31.83	13.60	12.22	12.25	10.95	 9.99	 8.68	 7.24	 6.66	 6.40	 6.20	 6.12	 6.25	 16.43	M3.6\
 3.897	 0.2950	 0.379	3422	 4.750	31.83	13.59	12.21	12.25	10.94	 9.98	 8.68	 7.23	 6.66	 6.39	 6.20	 6.12	 6.24	 16.43	M3.6\
 3.904	 0.2960	 0.380	3423	 4.750	31.84	13.59	12.20	12.24	10.94	 9.97	 8.67	 7.23	 6.65	 6.39	 6.19	 6.11	 6.24	 16.44	M3.6\
 3.911	 0.2970	 0.381	3424	 4.749	31.84	13.58	12.20	12.23	10.93	 9.97	 8.66	 7.22	 6.65	 6.38	 6.18	 6.11	 6.23	 16.44	M3.6\
 3.917	 0.2980	 0.382	3425	 4.749	31.84	13.57	12.19	12.22	10.92	 9.96	 8.66	 7.22	 6.64	 6.38	 6.18	 6.10	 6.23	 16.45	M3.6\
 3.924	 0.2990	 0.383	3427	 4.748	31.84	13.56	12.18	12.21	10.91	 9.95	 8.65	 7.21	 6.63	 6.37	 6.17	 6.10	 6.22	 16.45	M3.5\
 3.931	 0.3000	 0.383	3428	 4.747	31.85	13.55	12.17	12.20	10.90	 9.94	 8.64	 7.20	 6.63	 6.37	 6.17	 6.09	 6.22	 16.46	M3.5\
 3.937	 0.3010	 0.384	3429	 4.747	31.85	13.54	12.16	12.20	10.90	 9.94	 8.63	 7.20	 6.62	 6.36	 6.16	 6.08	 6.21	 16.46	M3.5\
 3.944	 0.3020	 0.385	3430	 4.746	31.85	13.53	12.15	12.19	10.89	 9.93	 8.63	 7.19	 6.61	 6.35	 6.16	 6.08	 6.21	 16.47	M3.5\
 3.951	 0.3030	 0.386	3431	 4.746	31.85	13.53	12.15	12.18	10.88	 9.92	 8.62	 7.19	 6.61	 6.35	 6.15	 6.07	 6.20	 16.47	M3.5\
 3.957	 0.3040	 0.387	3432	 4.745	31.86	13.52	12.14	12.17	10.87	 9.91	 8.61	 7.18	 6.60	 6.34	 6.14	 6.07	 6.20	 16.48	M3.5\
 3.964	 0.3050	 0.388	3433	 4.745	31.86	13.51	12.13	12.16	10.86	 9.91	 8.61	 7.17	 6.60	 6.34	 6.14	 6.06	 6.19	 16.48	M3.5\
 3.970	 0.3060	 0.389	3434	 4.744	31.86	13.50	12.12	12.15	10.86	 9.90	 8.60	 7.17	 6.59	 6.33	 6.13	 6.06	 6.18	 16.49	M3.5\
 3.977	 0.3070	 0.390	3435	 4.744	31.86	13.49	12.11	12.15	10.85	 9.89	 8.59	 7.16	 6.58	 6.32	 6.13	 6.05	 6.18	 16.49	M3.5\
 3.984	 0.3080	 0.391	3436	 4.743	31.87	13.48	12.11	12.14	10.84	 9.88	 8.59	 7.16	 6.58	 6.32	 6.12	 6.05	 6.17	 16.50	M3.5\
 3.990	 0.3090	 0.391	3437	 4.742	31.87	13.48	12.10	12.13	10.83	 9.88	 8.58	 7.15	 6.57	 6.31	 6.12	 6.04	 6.17	 16.50	M3.5\
 3.997	 0.3100	 0.392	3439	 4.742	31.87	13.47	12.09	12.12	10.82	 9.87	 8.57	 7.14	 6.57	 6.31	 6.11	 6.03	 6.16	 16.51	M3.5\
 4.003	 0.3110	 0.393	3440	 4.741	31.87	13.46	12.08	12.11	10.82	 9.86	 8.57	 7.14	 6.56	 6.30	 6.10	 6.03	 6.16	 16.51	M3.5\
 4.010	 0.3120	 0.394	3441	 4.741	31.88	13.45	12.07	12.11	10.81	 9.85	 8.56	 7.13	 6.55	 6.29	 6.10	 6.02	 6.15	 16.52	M3.5\
 4.016	 0.3130	 0.395	3442	 4.740	31.88	13.44	12.06	12.10	10.80	 9.85	 8.55	 7.13	 6.55	 6.29	 6.09	 6.02	 6.15	 16.53	M3.5\
 4.023	 0.3140	 0.396	3443	 4.740	31.88	13.43	12.06	12.09	10.79	 9.84	 8.55	 7.12	 6.54	 6.28	 6.09	 6.01	 6.14	 16.53	M3.5\
 4.029	 0.3150	 0.397	3444	 4.739	31.88	13.42	12.05	12.08	10.78	 9.83	 8.54	 7.11	 6.54	 6.28	 6.08	 6.01	 6.14	 16.54	M3.5\
 4.036	 0.3160	 0.398	3445	 4.739	31.89	13.42	12.04	12.07	10.78	 9.82	 8.53	 7.11	 6.53	 6.27	 6.08	 6.00	 6.13	 16.54	M3.5\
 4.042	 0.3170	 0.398	3447	 4.738	31.89	13.41	12.03	12.06	10.77	 9.82	 8.53	 7.10	 6.52	 6.27	 6.07	 6.00	 6.13	 16.55	M3.5\
 4.049	 0.3180	 0.399	3448	 4.737	31.89	13.40	12.02	12.06	10.76	 9.81	 8.52	 7.10	 6.52	 6.26	 6.07	 5.99	 6.12	 16.55	M3.4\
 4.055	 0.3190	 0.400	3449	 4.737	31.89	13.39	12.01	12.05	10.75	 9.80	 8.51	 7.09	 6.51	 6.25	 6.06	 5.99	 6.11	 16.56	M3.4\
 4.062	 0.3200	 0.401	3450	 4.736	31.90	13.38	12.01	12.04	10.74	 9.79	 8.50	 7.08	 6.51	 6.25	 6.06	 5.98	 6.11	 16.57	M3.4\
 4.068	 0.3210	 0.402	3451	 4.736	31.90	13.37	12.00	12.03	10.74	 9.79	 8.50	 7.08	 6.50	 6.24	 6.05	 5.98	 6.10	 16.57	M3.4\
 4.074	 0.3220	 0.403	3452	 4.735	31.90	13.37	11.99	12.02	10.73	 9.78	 8.49	 7.07	 6.50	 6.24	 6.04	 5.97	 6.10	 16.58	M3.4\
 4.081	 0.3230	 0.404	3454	 4.735	31.90	13.36	11.98	12.01	10.72	 9.77	 8.48	 7.07	 6.49	 6.23	 6.04	 5.97	 6.09	 16.58	M3.4\
 4.087	 0.3240	 0.405	3455	 4.734	31.91	13.35	11.97	12.01	10.71	 9.76	 8.48	 7.06	 6.48	 6.23	 6.03	 5.96	 6.09	 16.59	M3.4\
 4.093	 0.3250	 0.405	3456	 4.734	31.91	13.34	11.96	12.00	10.71	 9.76	 8.47	 7.05	 6.48	 6.22	 6.03	 5.95	 6.08	 16.60	M3.4\
 4.100	 0.3260	 0.406	3457	 4.733	31.91	13.33	11.96	11.99	10.70	 9.75	 8.46	 7.05	 6.47	 6.21	 6.02	 5.95	 6.08	 16.60	M3.4\
 4.106	 0.3270	 0.407	3459	 4.733	31.91	13.32	11.95	11.98	10.69	 9.74	 8.46	 7.04	 6.47	 6.21	 6.02	 5.94	 6.07	 16.61	M3.4\
 4.112	 0.3280	 0.408	3460	 4.732	31.92	13.31	11.94	11.97	10.68	 9.73	 8.45	 7.04	 6.46	 6.20	 6.01	 5.94	 6.07	 16.61	M3.4\
 4.119	 0.3290	 0.409	3461	 4.732	31.92	13.31	11.93	11.96	10.67	 9.73	 8.44	 7.03	 6.45	 6.20	 6.01	 5.93	 6.06	 16.62	M3.4\
 4.125	 0.3300	 0.410	3462	 4.731	31.92	13.30	11.92	11.96	10.67	 9.72	 8.44	 7.03	 6.45	 6.19	 6.00	 5.93	 6.06	 16.63	M3.4\
 4.131	 0.3310	 0.411	3464	 4.731	31.92	13.29	11.92	11.95	10.66	 9.71	 8.43	 7.02	 6.44	 6.19	 6.00	 5.92	 6.05	 16.63	M3.4\
 4.138	 0.3320	 0.412	3465	 4.730	31.93	13.28	11.91	11.94	10.65	 9.70	 8.42	 7.01	 6.44	 6.18	 5.99	 5.92	 6.05	 16.64	M3.4\
 4.144	 0.3330	 0.412	3466	 4.730	31.93	13.27	11.90	11.93	10.64	 9.70	 8.42	 7.01	 6.43	 6.18	 5.98	 5.91	 6.04	 16.65	M3.4\
 4.150	 0.3340	 0.413	3467	 4.729	31.93	13.26	11.89	11.92	10.63	 9.69	 8.41	 7.00	 6.42	 6.17	 5.98	 5.91	 6.04	 16.65	M3.3\
 4.156	 0.3350	 0.414	3469	 4.729	31.93	13.25	11.88	11.91	10.62	 9.68	 8.40	 7.00	 6.42	 6.16	 5.97	 5.90	 6.03	 16.66	M3.3\
 4.163	 0.3360	 0.415	3470	 4.728	31.94	13.25	11.87	11.91	10.62	 9.67	 8.40	 6.99	 6.41	 6.16	 5.97	 5.90	 6.03	 16.67	M3.3\
 4.169	 0.3370	 0.416	3471	 4.728	31.94	13.24	11.86	11.90	10.61	 9.67	 8.39	 6.99	 6.41	 6.15	 5.96	 5.89	 6.02	 16.67	M3.3\
 4.175	 0.3380	 0.417	3473	 4.727	31.94	13.23	11.86	11.89	10.60	 9.66	 8.38	 6.98	 6.40	 6.15	 5.96	 5.89	 6.02	 16.68	M3.3\
 4.181	 0.3390	 0.418	3474	 4.727	31.94	13.22	11.85	11.88	10.59	 9.65	 8.38	 6.97	 6.40	 6.14	 5.95	 5.88	 6.01	 16.69	M3.3\
 4.188	 0.3400	 0.418	3475	 4.726	31.95	13.21	11.84	11.87	10.58	 9.64	 8.37	 6.97	 6.39	 6.14	 5.95	 5.88	 6.01	 16.69	M3.3\
 4.194	 0.3410	 0.419	3477	 4.726	31.95	13.20	11.83	11.86	10.58	 9.64	 8.36	 6.96	 6.38	 6.13	 5.94	 5.87	 6.00	 16.70	M3.3\
 4.200	 0.3420	 0.420	3478	 4.725	31.95	13.19	11.82	11.86	10.57	 9.63	 8.36	 6.96	 6.38	 6.13	 5.94	 5.87	 6.00	 16.71	M3.3\
 4.206	 0.3430	 0.421	3479	 4.725	31.95	13.18	11.81	11.85	10.56	 9.62	 8.35	 6.95	 6.37	 6.12	 5.93	 5.86	 5.99	 16.71	M3.3\
 4.212	 0.3440	 0.422	3481	 4.724	31.95	13.18	11.81	11.84	10.55	 9.61	 8.34	 6.95	 6.37	 6.11	 5.93	 5.86	 5.99	 16.72	M3.3\
 4.218	 0.3450	 0.423	3482	 4.724	31.96	13.17	11.80	11.83	10.54	 9.61	 8.34	 6.94	 6.36	 6.11	 5.92	 5.85	 5.98	 16.73	M3.3\
 4.224	 0.3460	 0.424	3483	 4.723	31.96	13.16	11.79	11.82	10.54	 9.60	 8.33	 6.93	 6.36	 6.10	 5.92	 5.85	 5.98	 16.73	M3.3\
 4.231	 0.3470	 0.424	3485	 4.723	31.96	13.15	11.78	11.81	10.53	 9.59	 8.32	 6.93	 6.35	 6.10	 5.91	 5.84	 5.97	 16.74	M3.3\
 4.237	 0.3480	 0.425	3486	 4.722	31.96	13.14	11.77	11.81	10.52	 9.58	 8.32	 6.92	 6.34	 6.09	 5.91	 5.84	 5.97	 16.75	M3.3\
 4.243	 0.3490	 0.426	3487	 4.722	31.97	13.13	11.76	11.80	10.51	 9.57	 8.31	 6.92	 6.34	 6.09	 5.90	 5.83	 5.96	 16.76	M3.2\
 4.249	 0.3500	 0.427	3489	 4.721	31.97	13.12	11.76	11.79	10.50	 9.57	 8.30	 6.91	 6.33	 6.08	 5.90	 5.83	 5.96	 16.76	M3.2\
 4.255	 0.3510	 0.428	3490	 4.721	31.97	13.12	11.75	11.78	10.50	 9.56	 8.30	 6.91	 6.33	 6.08	 5.89	 5.82	 5.95	 16.77	M3.2\
 4.261	 0.3520	 0.429	3491	 4.720	31.97	13.11	11.74	11.77	10.49	 9.55	 8.29	 6.90	 6.32	 6.07	 5.88	 5.82	 5.95	 16.78	M3.2\
 4.267	 0.3530	 0.429	3493	 4.720	31.98	13.10	11.73	11.76	10.48	 9.54	 8.28	 6.89	 6.32	 6.07	 5.88	 5.81	 5.94	 16.78	M3.2\
 4.273	 0.3540	 0.430	3494	 4.719	31.98	13.09	11.72	11.75	10.47	 9.54	 8.27	 6.89	 6.31	 6.06	 5.87	 5.81	 5.94	 16.79	M3.2\
 4.279	 0.3550	 0.431	3496	 4.719	31.98	13.08	11.71	11.75	10.46	 9.53	 8.27	 6.88	 6.30	 6.05	 5.87	 5.80	 5.93	 16.80	M3.2\
 4.285	 0.3560	 0.432	3497	 4.718	31.98	13.07	11.71	11.74	10.46	 9.52	 8.26	 6.88	 6.30	 6.05	 5.86	 5.80	 5.93	 16.81	M3.2\
 4.291	 0.3570	 0.433	3498	 4.718	31.99	13.06	11.70	11.73	10.45	 9.51	 8.25	 6.87	 6.29	 6.04	 5.86	 5.79	 5.92	 16.81	M3.2\
 4.297	 0.3580	 0.434	3500	 4.717	31.99	13.06	11.69	11.72	10.44	 9.51	 8.25	 6.87	 6.29	 6.04	 5.85	 5.79	 5.92	 16.82	M3.2\
 4.303	 0.3590	 0.435	3501	 4.717	31.99	13.05	11.68	11.71	10.43	 9.50	 8.24	 6.86	 6.28	 6.03	 5.85	 5.78	 5.91	 16.83	M3.2\
 4.309	 0.3600	 0.435	3502	 4.716	31.99	13.04	11.67	11.71	10.43	 9.49	 8.24	 6.86	 6.28	 6.03	 5.84	 5.78	 5.91	 16.83	M3.2\
 4.315	 0.3610	 0.436	3503	 4.716	32.00	13.03	11.67	11.70	10.42	 9.49	 8.23	 6.85	 6.27	 6.02	 5.84	 5.77	 5.90	 16.84	M3.2\
 4.321	 0.3620	 0.437	3504	 4.715	32.00	13.03	11.66	11.69	10.41	 9.48	 8.22	 6.84	 6.27	 6.02	 5.83	 5.77	 5.90	 16.84	M3.2\
 4.327	 0.3630	 0.438	3505	 4.715	32.00	13.02	11.65	11.68	10.40	 9.47	 8.22	 6.84	 6.26	 6.01	 5.83	 5.76	 5.89	 16.85	M3.2\
 4.333	 0.3640	 0.439	3507	 4.714	32.00	13.01	11.64	11.68	10.40	 9.47	 8.21	 6.83	 6.25	 6.01	 5.82	 5.76	 5.89	 16.85	M3.1\
 4.339	 0.3650	 0.440	3508	 4.714	32.00	13.00	11.64	11.67	10.39	 9.46	 8.21	 6.83	 6.25	 6.00	 5.82	 5.75	 5.88	 16.86	M3.1\
 4.345	 0.3660	 0.440	3509	 4.713	32.01	13.00	11.63	11.66	10.38	 9.45	 8.20	 6.82	 6.24	 6.00	 5.82	 5.75	 5.88	 16.86	M3.1\
 4.351	 0.3670	 0.441	3510	 4.713	32.01	12.99	11.62	11.66	10.38	 9.45	 8.19	 6.82	 6.24	 5.99	 5.81	 5.74	 5.88	 16.87	M3.1\
 4.356	 0.3680	 0.442	3511	 4.713	32.01	12.98	11.62	11.65	10.37	 9.44	 8.19	 6.81	 6.23	 5.99	 5.81	 5.74	 5.87	 16.87	M3.1\
 4.362	 0.3690	 0.443	3512	 4.712	32.01	12.98	11.61	11.64	10.36	 9.43	 8.18	 6.81	 6.23	 5.98	 5.80	 5.73	 5.87	 16.88	M3.1\
 4.368	 0.3700	 0.444	3514	 4.712	32.02	12.97	11.60	11.63	10.35	 9.43	 8.18	 6.80	 6.22	 5.98	 5.80	 5.73	 5.86	 16.88	M3.1\
 4.374	 0.3710	 0.445	3515	 4.711	32.02	12.96	11.59	11.63	10.35	 9.42	 8.17	 6.80	 6.22	 5.97	 5.79	 5.73	 5.86	 16.89	M3.1\
 4.380	 0.3720	 0.445	3516	 4.711	32.02	12.95	11.59	11.62	10.34	 9.41	 8.16	 6.79	 6.21	 5.97	 5.79	 5.72	 5.85	 16.89	M3.1\
 4.386	 0.3730	 0.446	3517	 4.710	32.02	12.95	11.58	11.61	10.33	 9.41	 8.16	 6.79	 6.21	 5.96	 5.78	 5.72	 5.85	 16.90	M3.1\
 4.392	 0.3740	 0.447	3518	 4.710	32.02	12.94	11.57	11.61	10.33	 9.40	 8.15	 6.78	 6.20	 5.96	 5.78	 5.71	 5.84	 16.90	M3.1\
 4.397	 0.3750	 0.448	3519	 4.709	32.03	12.93	11.57	11.60	10.32	 9.39	 8.15	 6.78	 6.20	 5.95	 5.77	 5.71	 5.84	 16.91	M3.1\
 4.403	 0.3760	 0.449	3521	 4.709	32.03	12.93	11.56	11.59	10.31	 9.39	 8.14	 6.77	 6.19	 5.95	 5.77	 5.70	 5.83	 16.92	M3.1\
 4.409	 0.3770	 0.450	3522	 4.708	32.03	12.92	11.55	11.58	10.30	 9.38	 8.13	 6.77	 6.19	 5.94	 5.76	 5.70	 5.83	 16.92	M3.1\
 4.415	 0.3780	 0.450	3523	 4.708	32.03	12.91	11.54	11.58	10.30	 9.37	 8.13	 6.76	 6.18	 5.94	 5.76	 5.69	 5.83	 16.93	M3.1\
 4.421	 0.3790	 0.451	3524	 4.707	32.04	12.90	11.54	11.57	10.29	 9.37	 8.12	 6.76	 6.18	 5.93	 5.75	 5.69	 5.82	 16.93	M3.1\
 4.426	 0.3800	 0.452	3525	 4.707	32.04	12.90	11.53	11.56	10.28	 9.36	 8.12	 6.75	 6.17	 5.93	 5.75	 5.68	 5.82	 16.94	M3.1\
 4.432	 0.3810	 0.453	3527	 4.707	32.04	12.89	11.52	11.55	10.28	 9.35	 8.11	 6.75	 6.16	 5.92	 5.74	 5.68	 5.81	 16.94	M3.1\
 4.438	 0.3820	 0.454	3528	 4.706	32.04	12.88	11.51	11.55	10.27	 9.35	 8.10	 6.74	 6.16	 5.92	 5.74	 5.68	 5.81	 16.95	M3.1\
 4.444	 0.3830	 0.455	3529	 4.706	32.04	12.88	11.51	11.54	10.26	 9.34	 8.10	 6.74	 6.15	 5.91	 5.73	 5.67	 5.80	 16.95	M3\
 4.449	 0.3840	 0.455	3530	 4.705	32.05	12.87	11.50	11.53	10.26	 9.33	 8.09	 6.73	 6.15	 5.91	 5.73	 5.67	 5.80	 16.96	M3\
 4.455	 0.3850	 0.456	3531	 4.705	32.05	12.86	11.49	11.53	10.25	 9.33	 8.09	 6.73	 6.14	 5.90	 5.72	 5.66	 5.79	 16.97	M3\
 4.461	 0.3860	 0.457	3533	 4.704	32.05	12.85	11.49	11.52	10.24	 9.32	 8.08	 6.72	 6.14	 5.90	 5.72	 5.66	 5.79	 16.97	M3\
 4.466	 0.3870	 0.458	3534	 4.704	32.05	12.85	11.48	11.51	10.23	 9.31	 8.08	 6.72	 6.13	 5.89	 5.72	 5.65	 5.79	 16.98	M3\
 4.472	 0.3880	 0.459	3535	 4.703	32.05	12.84	11.47	11.50	10.23	 9.31	 8.07	 6.71	 6.13	 5.89	 5.71	 5.65	 5.78	 16.98	M3\
 4.478	 0.3890	 0.460	3536	 4.703	32.06	12.83	11.46	11.50	10.22	 9.30	 8.06	 6.71	 6.12	 5.88	 5.71	 5.64	 5.78	 16.99	M3\
 4.483	 0.3900	 0.460	3537	 4.703	32.06	12.83	11.46	11.49	10.21	 9.29	 8.06	 6.70	 6.12	 5.88	 5.70	 5.64	 5.77	 16.99	M3\
 4.489	 0.3910	 0.461	3539	 4.702	32.06	12.82	11.45	11.48	10.21	 9.29	 8.05	 6.70	 6.11	 5.87	 5.70	 5.63	 5.77	 17.00	M3\
 4.495	 0.3920	 0.462	3540	 4.702	32.06	12.81	11.44	11.48	10.20	 9.28	 8.05	 6.69	 6.11	 5.87	 5.69	 5.63	 5.76	 17.01	M3\
 4.500	 0.3930	 0.463	3541	 4.701	32.07	12.80	11.44	11.47	10.19	 9.27	 8.04	 6.69	 6.10	 5.86	 5.69	 5.63	 5.76	 17.01	M3\
 4.506	 0.3940	 0.464	3542	 4.701	32.07	12.80	11.43	11.46	10.18	 9.27	 8.03	 6.68	 6.10	 5.86	 5.68	 5.62	 5.75	 17.02	M3\
 4.512	 0.3950	 0.464	3544	 4.700	32.07	12.79	11.42	11.45	10.18	 9.26	 8.03	 6.68	 6.09	 5.85	 5.68	 5.62	 5.75	 17.02	M3\
 4.517	 0.3960	 0.465	3545	 4.700	32.07	12.78	11.41	11.45	10.17	 9.25	 8.02	 6.67	 6.09	 5.85	 5.67	 5.61	 5.75	 17.03	M3\
 4.523	 0.3970	 0.466	3546	 4.700	32.07	12.78	11.41	11.44	10.16	 9.25	 8.02	 6.67	 6.08	 5.84	 5.67	 5.61	 5.74	 17.03	M3\
 4.529	 0.3980	 0.467	3547	 4.699	32.08	12.77	11.40	11.43	10.16	 9.24	 8.01	 6.66	 6.08	 5.84	 5.66	 5.60	 5.74	 17.04	M3\
 4.534	 0.3990	 0.468	3549	 4.699	32.08	12.76	11.39	11.43	10.15	 9.23	 8.00	 6.66	 6.07	 5.83	 5.66	 5.60	 5.73	 17.05	M3\
 4.540	 0.4000	 0.469	3550	 4.698	32.08	12.75	11.39	11.42	10.14	 9.23	 8.00	 6.65	 6.07	 5.83	 5.66	 5.59	 5.73	 17.05	M2.9\
 4.545	 0.4010	 0.469	3551	 4.698	32.08	12.75	11.38	11.41	10.14	 9.22	 7.99	 6.65	 6.06	 5.82	 5.65	 5.59	 5.72	 17.06	M2.9\
 4.551	 0.4020	 0.470	3552	 4.697	32.08	12.74	11.37	11.40	10.13	 9.21	 7.99	 6.64	 6.06	 5.82	 5.65	 5.59	 5.72	 17.06	M2.9\
 4.556	 0.4030	 0.471	3554	 4.697	32.09	12.73	11.36	11.40	10.12	 9.21	 7.98	 6.64	 6.05	 5.81	 5.64	 5.58	 5.72	 17.07	M2.9\
 4.562	 0.4040	 0.472	3555	 4.697	32.09	12.73	11.36	11.39	10.11	 9.20	 7.98	 6.63	 6.05	 5.81	 5.64	 5.58	 5.71	 17.08	M2.9\
 4.568	 0.4050	 0.473	3556	 4.696	32.09	12.72	11.35	11.38	10.11	 9.19	 7.97	 6.63	 6.04	 5.80	 5.63	 5.57	 5.71	 17.08	M2.9\
 4.573	 0.4060	 0.473	3557	 4.696	32.09	12.71	11.34	11.38	10.10	 9.19	 7.96	 6.62	 6.04	 5.80	 5.63	 5.57	 5.70	 17.09	M2.9\
 4.579	 0.4070	 0.474	3559	 4.695	32.10	12.70	11.34	11.37	10.09	 9.18	 7.96	 6.62	 6.03	 5.80	 5.62	 5.56	 5.70	 17.09	M2.9\
 4.584	 0.4080	 0.475	3560	 4.695	32.10	12.70	11.33	11.36	10.09	 9.17	 7.95	 6.61	 6.03	 5.79	 5.62	 5.56	 5.69	 17.10	M2.9\
 4.590	 0.4090	 0.476	3561	 4.694	32.10	12.69	11.32	11.35	10.08	 9.17	 7.95	 6.61	 6.02	 5.79	 5.62	 5.56	 5.69	 17.11	M2.9\
 4.595	 0.4100	 0.477	3562	 4.694	32.10	12.68	11.31	11.35	10.07	 9.16	 7.94	 6.60	 6.02	 5.78	 5.61	 5.55	 5.69	 17.11	M2.9\
 4.601	 0.4110	 0.478	3564	 4.694	32.10	12.68	11.31	11.34	10.07	 9.15	 7.94	 6.60	 6.01	 5.78	 5.61	 5.55	 5.68	 17.12	M2.9\
 4.606	 0.4120	 0.478	3565	 4.693	32.11	12.67	11.30	11.33	10.06	 9.15	 7.93	 6.59	 6.01	 5.77	 5.60	 5.54	 5.68	 17.12	M2.9\
 4.612	 0.4130	 0.479	3566	 4.693	32.11	12.66	11.29	11.33	10.05	 9.14	 7.92	 6.59	 6.00	 5.77	 5.60	 5.54	 5.67	 17.13	M2.9\
 4.617	 0.4140	 0.480	3568	 4.692	32.11	12.66	11.29	11.32	10.05	 9.14	 7.92	 6.58	 6.00	 5.76	 5.59	 5.53	 5.67	 17.14	M2.9\
 4.622	 0.4150	 0.481	3569	 4.692	32.11	12.65	11.28	11.31	10.04	 9.13	 7.91	 6.58	 5.99	 5.76	 5.59	 5.53	 5.67	 17.14	M2.9\
 4.628	 0.4160	 0.482	3570	 4.692	32.11	12.64	11.27	11.30	10.03	 9.12	 7.91	 6.57	 5.99	 5.75	 5.58	 5.53	 5.66	 17.15	M2.9\
 4.633	 0.4170	 0.482	3571	 4.691	32.12	12.63	11.26	11.30	10.02	 9.12	 7.90	 6.57	 5.98	 5.75	 5.58	 5.52	 5.66	 17.16	M2.8\
 4.639	 0.4180	 0.483	3573	 4.691	32.12	12.63	11.26	11.29	10.02	 9.11	 7.90	 6.56	 5.98	 5.74	 5.58	 5.52	 5.65	 17.16	M2.8\
 4.644	 0.4190	 0.484	3574	 4.690	32.12	12.62	11.25	11.28	10.01	 9.10	 7.89	 6.56	 5.97	 5.74	 5.57	 5.51	 5.65	 17.17	M2.8\
 4.650	 0.4200	 0.485	3575	 4.690	32.12	12.61	11.24	11.28	10.00	 9.10	 7.88	 6.55	 5.97	 5.73	 5.57	 5.51	 5.64	 17.17	M2.8\
 4.655	 0.4210	 0.486	3576	 4.690	32.12	12.61	11.24	11.27	10.00	 9.09	 7.88	 6.55	 5.96	 5.73	 5.56	 5.50	 5.64	 17.18	M2.8\
 4.660	 0.4220	 0.486	3578	 4.689	32.13	12.60	11.23	11.26	 9.99	 9.08	 7.87	 6.54	 5.96	 5.72	 5.56	 5.50	 5.64	 17.19	M2.8\
 4.666	 0.4230	 0.487	3579	 4.689	32.13	12.59	11.22	11.25	 9.98	 9.08	 7.87	 6.54	 5.95	 5.72	 5.55	 5.50	 5.63	 17.19	M2.8\
 4.671	 0.4240	 0.488	3580	 4.688	32.13	12.59	11.22	11.25	 9.98	 9.07	 7.86	 6.53	 5.95	 5.72	 5.55	 5.49	 5.63	 17.20	M2.8\
 4.677	 0.4250	 0.489	3582	 4.688	32.13	12.58	11.21	11.24	 9.97	 9.06	 7.86	 6.53	 5.94	 5.71	 5.54	 5.49	 5.62	 17.21	M2.8\
 4.682	 0.4260	 0.490	3583	 4.688	32.13	12.57	11.20	11.23	 9.96	 9.06	 7.85	 6.52	 5.94	 5.71	 5.54	 5.48	 5.62	 17.21	M2.8\
 4.687	 0.4270	 0.490	3584	 4.687	32.14	12.56	11.19	11.23	 9.96	 9.05	 7.84	 6.52	 5.93	 5.70	 5.54	 5.48	 5.62	 17.22	M2.8\
 4.693	 0.4280	 0.491	3586	 4.687	32.14	12.56	11.19	11.22	 9.95	 9.04	 7.84	 6.51	 5.93	 5.70	 5.53	 5.48	 5.61	 17.22	M2.8\
 4.698	 0.4290	 0.492	3587	 4.686	32.14	12.55	11.18	11.21	 9.94	 9.04	 7.83	 6.51	 5.92	 5.69	 5.53	 5.47	 5.61	 17.23	M2.8\
 4.703	 0.4300	 0.493	3588	 4.686	32.14	12.54	11.17	11.21	 9.93	 9.03	 7.83	 6.50	 5.92	 5.69	 5.52	 5.47	 5.60	 17.24	M2.8\
 4.709	 0.4310	 0.494	3589	 4.686	32.14	12.54	11.17	11.20	 9.93	 9.03	 7.82	 6.50	 5.91	 5.68	 5.52	 5.46	 5.60	 17.24	M2.8\
 4.714	 0.4320	 0.494	3591	 4.685	32.15	12.53	11.16	11.19	 9.92	 9.02	 7.82	 6.50	 5.91	 5.68	 5.51	 5.46	 5.60	 17.25	M2.7\
 4.719	 0.4330	 0.495	3592	 4.685	32.15	12.52	11.15	11.18	 9.91	 9.01	 7.81	 6.49	 5.90	 5.67	 5.51	 5.45	 5.59	 17.26	M2.7\
 4.725	 0.4340	 0.496	3593	 4.684	32.15	12.52	11.14	11.18	 9.91	 9.01	 7.80	 6.49	 5.90	 5.67	 5.51	 5.45	 5.59	 17.26	M2.7\
 4.730	 0.4350	 0.497	3595	 4.684	32.15	12.51	11.14	11.17	 9.90	 9.00	 7.80	 6.48	 5.89	 5.66	 5.50	 5.45	 5.58	 17.27	M2.7\
 4.735	 0.4360	 0.498	3596	 4.684	32.16	12.50	11.13	11.16	 9.89	 8.99	 7.79	 6.48	 5.89	 5.66	 5.50	 5.44	 5.58	 17.28	M2.7\
 4.740	 0.4370	 0.498	3597	 4.683	32.16	12.49	11.12	11.16	 9.89	 8.99	 7.79	 6.47	 5.88	 5.66	 5.49	 5.44	 5.58	 17.28	M2.7\
 4.746	 0.4380	 0.499	3599	 4.683	32.16	12.49	11.12	11.15	 9.88	 8.98	 7.78	 6.47	 5.88	 5.65	 5.49	 5.43	 5.57	 17.29	M2.7\
 4.751	 0.4390	 0.500	3600	 4.682	32.16	12.48	11.11	11.14	 9.87	 8.97	 7.78	 6.46	 5.87	 5.65	 5.48	 5.43	 5.57	 17.30	M2.7\
 4.756	 0.4400	 0.501	3601	 4.682	32.16	12.47	11.10	11.14	 9.87	 8.97	 7.77	 6.46	 5.87	 5.64	 5.48	 5.43	 5.56	 17.30	M2.7\
 4.761	 0.4410	 0.502	3603	 4.682	32.17	12.47	11.10	11.13	 9.86	 8.96	 7.77	 6.45	 5.86	 5.64	 5.48	 5.42	 5.56	 17.31	M2.7\
 4.767	 0.4420	 0.502	3604	 4.681	32.17	12.46	11.09	11.12	 9.85	 8.96	 7.76	 6.45	 5.86	 5.63	 5.47	 5.42	 5.56	 17.31	M2.7\
 4.772	 0.4430	 0.503	3605	 4.681	32.17	12.46	11.08	11.12	 9.85	 8.95	 7.76	 6.44	 5.85	 5.63	 5.47	 5.41	 5.55	 17.32	M2.7\
 4.777	 0.4440	 0.504	3606	 4.680	32.17	12.45	11.08	11.11	 9.84	 8.94	 7.75	 6.44	 5.85	 5.62	 5.46	 5.41	 5.55	 17.32	M2.7\
 4.782	 0.4450	 0.505	3608	 4.680	32.17	12.44	11.07	11.10	 9.83	 8.94	 7.74	 6.43	 5.84	 5.62	 5.46	 5.41	 5.54	 17.33	M2.7\
 4.787	 0.4460	 0.505	3609	 4.680	32.17	12.44	11.06	11.10	 9.83	 8.93	 7.74	 6.43	 5.84	 5.62	 5.46	 5.40	 5.54	 17.34	M2.7\
 4.793	 0.4470	 0.506	3610	 4.679	32.18	12.43	11.06	11.09	 9.82	 8.92	 7.73	 6.43	 5.83	 5.61	 5.45	 5.40	 5.54	 17.34	M2.7\
 4.798	 0.4480	 0.507	3611	 4.679	32.18	12.42	11.05	11.08	 9.81	 8.92	 7.73	 6.42	 5.83	 5.61	 5.45	 5.39	 5.53	 17.35	M2.7\
 4.803	 0.4490	 0.508	3613	 4.679	32.18	12.42	11.04	11.08	 9.81	 8.91	 7.72	 6.42	 5.83	 5.60	 5.44	 5.39	 5.53	 17.35	M2.6\
 4.808	 0.4500	 0.509	3614	 4.678	32.18	12.41	11.04	11.07	 9.80	 8.91	 7.72	 6.41	 5.82	 5.60	 5.44	 5.39	 5.53	 17.36	M2.6\
 4.813	 0.4510	 0.509	3615	 4.678	32.18	12.41	11.03	11.06	 9.79	 8.90	 7.71	 6.41	 5.82	 5.59	 5.44	 5.38	 5.52	 17.36	M2.6\
 4.819	 0.4520	 0.510	3617	 4.677	32.19	12.40	11.02	11.06	 9.79	 8.89	 7.71	 6.40	 5.81	 5.59	 5.43	 5.38	 5.52	 17.37	M2.6\
 4.824	 0.4530	 0.511	3618	 4.677	32.19	12.39	11.02	11.05	 9.78	 8.89	 7.70	 6.40	 5.81	 5.58	 5.43	 5.37	 5.51	 17.38	M2.6\
 4.829	 0.4540	 0.512	3619	 4.677	32.19	12.39	11.01	11.04	 9.77	 8.88	 7.70	 6.39	 5.80	 5.58	 5.42	 5.37	 5.51	 17.38	M2.6\
 4.834	 0.4550	 0.513	3621	 4.676	32.19	12.38	11.00	11.04	 9.77	 8.88	 7.69	 6.39	 5.80	 5.58	 5.42	 5.37	 5.51	 17.39	M2.6\
 4.839	 0.4560	 0.513	3622	 4.676	32.19	12.37	11.00	11.03	 9.76	 8.87	 7.69	 6.38	 5.79	 5.57	 5.41	 5.36	 5.50	 17.39	M2.6\
 4.844	 0.4570	 0.514	3623	 4.675	32.20	12.37	10.99	11.02	 9.75	 8.86	 7.68	 6.38	 5.79	 5.57	 5.41	 5.36	 5.50	 17.40	M2.6\
 4.849	 0.4580	 0.515	3625	 4.675	32.20	12.36	10.98	11.02	 9.75	 8.86	 7.67	 6.38	 5.78	 5.56	 5.41	 5.35	 5.50	 17.41	M2.6\
 4.854	 0.4590	 0.516	3626	 4.675	32.20	12.35	10.98	11.01	 9.74	 8.85	 7.67	 6.37	 5.78	 5.56	 5.40	 5.35	 5.49	 17.41	M2.6\
 4.860	 0.4600	 0.516	3628	 4.674	32.20	12.35	10.97	11.00	 9.73	 8.84	 7.66	 6.37	 5.77	 5.55	 5.40	 5.35	 5.49	 17.42	M2.6\
 4.865	 0.4610	 0.517	3629	 4.674	32.20	12.34	10.96	11.00	 9.73	 8.84	 7.66	 6.36	 5.77	 5.55	 5.39	 5.34	 5.48	 17.42	M2.6\
 4.870	 0.4620	 0.518	3630	 4.674	32.21	12.34	10.96	10.99	 9.72	 8.83	 7.65	 6.36	 5.76	 5.54	 5.39	 5.34	 5.48	 17.43	M2.6\
 4.875	 0.4630	 0.519	3632	 4.673	32.21	12.33	10.95	10.98	 9.71	 8.83	 7.65	 6.35	 5.76	 5.54	 5.39	 5.33	 5.48	 17.44	M2.6\
 4.880	 0.4640	 0.520	3633	 4.673	32.21	12.32	10.94	10.98	 9.71	 8.82	 7.64	 6.35	 5.75	 5.54	 5.38	 5.33	 5.47	 17.44	M2.6\
 4.885	 0.4650	 0.520	3634	 4.673	32.21	12.32	10.94	10.97	 9.70	 8.81	 7.64	 6.34	 5.75	 5.53	 5.38	 5.33	 5.47	 17.45	M2.6\
 4.890	 0.4660	 0.521	3636	 4.672	32.21	12.31	10.93	10.96	 9.69	 8.81	 7.63	 6.34	 5.74	 5.53	 5.37	 5.32	 5.46	 17.46	M2.5\
 4.895	 0.4670	 0.522	3637	 4.672	32.22	12.30	10.92	10.95	 9.69	 8.80	 7.63	 6.34	 5.74	 5.52	 5.37	 5.32	 5.46	 17.46	M2.5\
 4.900	 0.4680	 0.523	3639	 4.671	32.22	12.30	10.92	10.95	 9.68	 8.79	 7.62	 6.33	 5.73	 5.52	 5.37	 5.32	 5.46	 17.47	M2.5\
 4.905	 0.4690	 0.524	3640	 4.671	32.22	12.29	10.91	10.94	 9.67	 8.79	 7.62	 6.33	 5.73	 5.51	 5.36	 5.31	 5.45	 17.47	M2.5\
 4.910	 0.4700	 0.524	3642	 4.671	32.22	12.28	10.90	10.93	 9.67	 8.78	 7.61	 6.32	 5.73	 5.51	 5.36	 5.31	 5.45	 17.48	M2.5\
 4.915	 0.4710	 0.525	3643	 4.670	32.22	12.28	10.90	10.93	 9.66	 8.77	 7.60	 6.32	 5.72	 5.50	 5.35	 5.30	 5.45	 17.49	M2.5\
 4.920	 0.4720	 0.526	3645	 4.670	32.23	12.27	10.89	10.92	 9.65	 8.77	 7.60	 6.31	 5.72	 5.50	 5.35	 5.30	 5.44	 17.49	M2.5\
 4.925	 0.4730	 0.527	3646	 4.670	32.23	12.26	10.88	10.91	 9.65	 8.76	 7.59	 6.31	 5.71	 5.50	 5.35	 5.30	 5.44	 17.50	M2.5\
 4.930	 0.4740	 0.527	3648	 4.669	32.23	12.26	10.87	10.91	 9.64	 8.75	 7.59	 6.30	 5.71	 5.49	 5.34	 5.29	 5.44	 17.51	M2.5\
 4.935	 0.4750	 0.528	3649	 4.669	32.23	12.25	10.87	10.90	 9.63	 8.75	 7.58	 6.30	 5.70	 5.49	 5.34	 5.29	 5.43	 17.52	M2.5\
 4.940	 0.4760	 0.529	3651	 4.669	32.23	12.24	10.86	10.89	 9.63	 8.74	 7.58	 6.29	 5.70	 5.48	 5.33	 5.28	 5.43	 17.52	M2.5\
 4.945	 0.4770	 0.530	3652	 4.668	32.24	12.24	10.85	10.89	 9.62	 8.74	 7.57	 6.29	 5.69	 5.48	 5.33	 5.28	 5.42	 17.53	M2.5\
 4.950	 0.4780	 0.530	3654	 4.668	32.24	12.23	10.85	10.88	 9.61	 8.73	 7.57	 6.28	 5.69	 5.47	 5.33	 5.28	 5.42	 17.54	M2.5\
 4.955	 0.4790	 0.531	3655	 4.667	32.24	12.22	10.84	10.87	 9.61	 8.72	 7.56	 6.28	 5.68	 5.47	 5.32	 5.27	 5.42	 17.54	M2.5\
 4.960	 0.4800	 0.532	3657	 4.667	32.24	12.22	10.83	10.86	 9.60	 8.72	 7.56	 6.28	 5.68	 5.46	 5.32	 5.27	 5.41	 17.55	M2.4\
 4.965	 0.4810	 0.533	3659	 4.667	32.24	12.21	10.82	10.86	 9.59	 8.71	 7.55	 6.27	 5.67	 5.46	 5.31	 5.26	 5.41	 17.56	M2.4\
 4.970	 0.4820	 0.534	3660	 4.666	32.25	12.20	10.82	10.85	 9.58	 8.70	 7.54	 6.27	 5.67	 5.46	 5.31	 5.26	 5.41	 17.57	M2.4\
 4.975	 0.4830	 0.534	3662	 4.666	32.25	12.20	10.81	10.84	 9.58	 8.70	 7.54	 6.26	 5.66	 5.45	 5.31	 5.26	 5.40	 17.57	M2.4\
 4.980	 0.4840	 0.535	3663	 4.666	32.25	12.19	10.80	10.84	 9.57	 8.69	 7.53	 6.26	 5.66	 5.45	 5.30	 5.25	 5.40	 17.58	M2.4\
 4.985	 0.4850	 0.536	3665	 4.665	32.25	12.18	10.80	10.83	 9.56	 8.68	 7.53	 6.25	 5.65	 5.44	 5.30	 5.25	 5.39	 17.59	M2.4\
 4.990	 0.4860	 0.537	3666	 4.665	32.25	12.18	10.79	10.82	 9.56	 8.68	 7.52	 6.25	 5.65	 5.44	 5.29	 5.25	 5.39	 17.59	M2.4\
 4.995	 0.4870	 0.537	3668	 4.665	32.26	12.17	10.78	10.81	 9.55	 8.67	 7.52	 6.24	 5.64	 5.43	 5.29	 5.24	 5.39	 17.60	M2.4\
 4.999	 0.4880	 0.538	3670	 4.664	32.26	12.16	10.77	10.81	 9.54	 8.66	 7.51	 6.24	 5.64	 5.43	 5.29	 5.24	 5.38	 17.61	M2.4\
 5.004	 0.4890	 0.539	3671	 4.664	32.26	12.16	10.77	10.80	 9.53	 8.66	 7.50	 6.23	 5.63	 5.42	 5.28	 5.23	 5.38	 17.62	M2.4\
 5.009	 0.4900	 0.540	3673	 4.664	32.26	12.15	10.76	10.79	 9.53	 8.65	 7.50	 6.23	 5.63	 5.42	 5.28	 5.23	 5.38	 17.63	M2.4\
 5.014	 0.4910	 0.541	3675	 4.663	32.26	12.14	10.75	10.79	 9.52	 8.64	 7.49	 6.23	 5.62	 5.42	 5.27	 5.23	 5.37	 17.63	M2.4\
 5.019	 0.4920	 0.541	3676	 4.663	32.27	12.14	10.75	10.78	 9.51	 8.64	 7.49	 6.22	 5.62	 5.41	 5.27	 5.22	 5.37	 17.64	M2.4\
 5.024	 0.4930	 0.542	3678	 4.663	32.27	12.13	10.74	10.77	 9.51	 8.63	 7.48	 6.22	 5.61	 5.41	 5.27	 5.22	 5.37	 17.65	M2.4\
 5.029	 0.4940	 0.543	3680	 4.662	32.27	12.12	10.73	10.76	 9.50	 8.62	 7.48	 6.21	 5.61	 5.40	 5.26	 5.21	 5.36	 17.66	M2.3\
 5.034	 0.4950	 0.544	3682	 4.662	32.27	12.12	10.72	10.76	 9.49	 8.62	 7.47	 6.21	 5.60	 5.40	 5.26	 5.21	 5.36	 17.67	M2.3\
 5.038	 0.4960	 0.544	3683	 4.662	32.27	12.11	10.72	10.75	 9.48	 8.61	 7.47	 6.20	 5.60	 5.39	 5.25	 5.21	 5.35	 17.67	M2.3\
 5.043	 0.4970	 0.545	3685	 4.661	32.28	12.10	10.71	10.74	 9.48	 8.60	 7.46	 6.20	 5.59	 5.39	 5.25	 5.20	 5.35	 17.68	M2.3\
 5.048	 0.4980	 0.546	3687	 4.661	32.28	12.10	10.70	10.73	 9.47	 8.60	 7.45	 6.19	 5.59	 5.38	 5.25	 5.20	 5.35	 17.69	M2.3\
 5.053	 0.4990	 0.547	3688	 4.660	32.28	12.09	10.69	10.73	 9.46	 8.59	 7.45	 6.19	 5.58	 5.38	 5.24	 5.20	 5.34	 17.70	M2.3\
 5.058	 0.5000	 0.547	3690	 4.660	32.28	12.08	10.69	10.72	 9.46	 8.58	 7.44	 6.18	 5.58	 5.38	 5.24	 5.19	 5.34	 17.71	M2.3\
 5.063	 0.5010	 0.548	3692	 4.660	32.28	12.07	10.68	10.71	 9.45	 8.58	 7.44	 6.18	 5.57	 5.37	 5.23	 5.19	 5.34	 17.71	M2.3\
 5.067	 0.5020	 0.549	3694	 4.659	32.29	12.07	10.67	10.70	 9.44	 8.57	 7.43	 6.17	 5.57	 5.37	 5.23	 5.18	 5.33	 17.72	M2.3\
 5.072	 0.5030	 0.550	3696	 4.659	32.29	12.06	10.66	10.70	 9.43	 8.56	 7.43	 6.17	 5.57	 5.36	 5.22	 5.18	 5.33	 17.73	M2.3\
 5.077	 0.5040	 0.550	3697	 4.659	32.29	12.05	10.66	10.69	 9.43	 8.55	 7.42	 6.17	 5.56	 5.36	 5.22	 5.18	 5.32	 17.74	M2.3\
 5.082	 0.5050	 0.551	3699	 4.658	32.29	12.05	10.65	10.68	 9.42	 8.55	 7.41	 6.16	 5.56	 5.35	 5.22	 5.17	 5.32	 17.75	M2.3\
 5.087	 0.5060	 0.552	3701	 4.658	32.30	12.04	10.64	10.67	 9.41	 8.54	 7.41	 6.16	 5.55	 5.35	 5.21	 5.17	 5.32	 17.76	M2.2\
 5.091	 0.5070	 0.553	3703	 4.658	32.30	12.03	10.63	10.67	 9.40	 8.53	 7.40	 6.15	 5.55	 5.34	 5.21	 5.17	 5.31	 17.76	M2.2\
 5.096	 0.5080	 0.553	3705	 4.657	32.30	12.03	10.63	10.66	 9.40	 8.53	 7.40	 6.15	 5.54	 5.34	 5.20	 5.16	 5.31	 17.77	M2.2\
 5.101	 0.5090	 0.554	3707	 4.657	32.30	12.02	10.62	10.65	 9.39	 8.52	 7.39	 6.14	 5.54	 5.33	 5.20	 5.16	 5.31	 17.78	M2.2\
 5.106	 0.5100	 0.555	3709	 4.657	32.30	12.01	10.61	10.65	 9.38	 8.51	 7.39	 6.14	 5.53	 5.33	 5.20	 5.15	 5.30	 17.79	M2.2\
 5.110	 0.5110	 0.556	3710	 4.656	32.31	12.01	10.61	10.64	 9.37	 8.51	 7.38	 6.13	 5.53	 5.33	 5.19	 5.15	 5.30	 17.80	M2.2\
 5.115	 0.5120	 0.557	3712	 4.656	32.31	12.00	10.60	10.63	 9.37	 8.50	 7.37	 6.13	 5.52	 5.32	 5.19	 5.15	 5.30	 17.80	M2.2\
 5.120	 0.5130	 0.557	3714	 4.656	32.31	11.99	10.59	10.62	 9.36	 8.49	 7.37	 6.12	 5.52	 5.32	 5.19	 5.14	 5.29	 17.81	M2.2\
 5.125	 0.5140	 0.558	3716	 4.655	32.31	11.99	10.58	10.62	 9.35	 8.49	 7.36	 6.12	 5.51	 5.31	 5.18	 5.14	 5.29	 17.82	M2.2\
 5.129	 0.5150	 0.559	3718	 4.655	32.31	11.98	10.57	10.61	 9.34	 8.48	 7.36	 6.11	 5.50	 5.31	 5.18	 5.13	 5.29	 17.83	M2.2\
 5.134	 0.5160	 0.560	3720	 4.655	32.32	11.97	10.57	10.60	 9.34	 8.47	 7.35	 6.11	 5.50	 5.30	 5.17	 5.13	 5.28	 17.84	M2.2\
 5.139	 0.5170	 0.560	3722	 4.654	32.32	11.97	10.56	10.59	 9.33	 8.46	 7.35	 6.11	 5.49	 5.30	 5.17	 5.13	 5.28	 17.84	M2.2\
 5.144	 0.5180	 0.561	3724	 4.654	32.32	11.96	10.55	10.59	 9.32	 8.46	 7.34	 6.10	 5.49	 5.29	 5.17	 5.12	 5.27	 17.85	M2.1\
 5.148	 0.5190	 0.562	3726	 4.654	32.32	11.95	10.54	10.58	 9.31	 8.45	 7.33	 6.10	 5.48	 5.29	 5.16	 5.12	 5.27	 17.86	M2.1\
 5.153	 0.5200	 0.563	3728	 4.653	32.32	11.95	10.54	10.57	 9.31	 8.44	 7.33	 6.09	 5.48	 5.28	 5.16	 5.12	 5.27	 17.87	M2.1\
 5.158	 0.5210	 0.563	3730	 4.653	32.33	11.94	10.53	10.56	 9.30	 8.44	 7.32	 6.09	 5.47	 5.28	 5.15	 5.11	 5.26	 17.88	M2.1\
 5.162	 0.5220	 0.564	3732	 4.653	32.33	11.93	10.52	10.55	 9.29	 8.43	 7.32	 6.08	 5.47	 5.28	 5.15	 5.11	 5.26	 17.89	M2.1\
 5.167	 0.5230	 0.565	3734	 4.652	32.33	11.93	10.51	10.55	 9.28	 8.42	 7.31	 6.08	 5.46	 5.27	 5.15	 5.10	 5.26	 17.89	M2.1\
 5.172	 0.5240	 0.566	3736	 4.652	32.33	11.92	10.51	10.54	 9.28	 8.41	 7.31	 6.07	 5.46	 5.27	 5.14	 5.10	 5.25	 17.90	M2.1\
 5.176	 0.5250	 0.566	3738	 4.652	32.33	11.91	10.50	10.53	 9.27	 8.41	 7.30	 6.07	 5.45	 5.26	 5.14	 5.10	 5.25	 17.91	M2.1\
 5.181	 0.5260	 0.567	3740	 4.651	32.34	11.91	10.49	10.52	 9.26	 8.40	 7.29	 6.06	 5.45	 5.26	 5.13	 5.09	 5.25	 17.92	M2.1\
 5.186	 0.5270	 0.568	3742	 4.651	32.34	11.90	10.48	10.52	 9.25	 8.39	 7.29	 6.06	 5.44	 5.25	 5.13	 5.09	 5.24	 17.93	M2.1\
 5.190	 0.5280	 0.569	3744	 4.651	32.34	11.89	10.48	10.51	 9.24	 8.39	 7.28	 6.05	 5.44	 5.25	 5.13	 5.09	 5.24	 17.94	M2.1\
 5.195	 0.5290	 0.569	3746	 4.650	32.34	11.88	10.47	10.50	 9.24	 8.38	 7.28	 6.05	 5.43	 5.24	 5.12	 5.08	 5.24	 17.94	M2.1\
 5.200	 0.5300	 0.570	3748	 4.650	32.35	11.88	10.46	10.49	 9.23	 8.37	 7.27	 6.04	 5.43	 5.24	 5.12	 5.08	 5.23	 17.95	M2\
 5.204	 0.5310	 0.571	3750	 4.650	32.35	11.87	10.45	10.49	 9.22	 8.36	 7.27	 6.04	 5.42	 5.23	 5.11	 5.07	 5.23	 17.96	M2\
 5.209	 0.5320	 0.572	3752	 4.650	32.35	11.86	10.45	10.48	 9.21	 8.36	 7.26	 6.04	 5.42	 5.23	 5.11	 5.07	 5.23	 17.97	M2\
 5.213	 0.5330	 0.572	3755	 4.649	32.35	11.86	10.44	10.47	 9.21	 8.35	 7.25	 6.03	 5.41	 5.23	 5.11	 5.07	 5.22	 17.98	M2\
 5.218	 0.5340	 0.573	3757	 4.649	32.35	11.85	10.43	10.46	 9.20	 8.34	 7.25	 6.03	 5.41	 5.22	 5.10	 5.06	 5.22	 17.99	M2\
 5.223	 0.5350	 0.574	3759	 4.649	32.36	11.84	10.42	10.46	 9.19	 8.34	 7.24	 6.02	 5.40	 5.22	 5.10	 5.06	 5.22	 18.00	M2\
 5.227	 0.5360	 0.575	3761	 4.648	32.36	11.84	10.41	10.45	 9.18	 8.33	 7.24	 6.02	 5.40	 5.21	 5.09	 5.06	 5.21	 18.01	M2\
 5.232	 0.5370	 0.575	3763	 4.648	32.36	11.83	10.41	10.44	 9.18	 8.32	 7.23	 6.01	 5.39	 5.21	 5.09	 5.05	 5.21	 18.01	M2\
 5.236	 0.5380	 0.576	3765	 4.648	32.36	11.82	10.40	10.43	 9.17	 8.31	 7.23	 6.01	 5.39	 5.20	 5.09	 5.05	 5.20	 18.02	M2\
 5.241	 0.5390	 0.577	3767	 4.647	32.36	11.82	10.39	10.42	 9.16	 8.31	 7.22	 6.00	 5.38	 5.20	 5.08	 5.05	 5.20	 18.03	M2\
 5.246	 0.5400	 0.578	3769	 4.647	32.37	11.81	10.38	10.42	 9.15	 8.30	 7.21	 6.00	 5.38	 5.19	 5.08	 5.04	 5.20	 18.04	M2\
 5.250	 0.5410	 0.578	3771	 4.647	32.37	11.80	10.38	10.41	 9.15	 8.29	 7.21	 5.99	 5.37	 5.19	 5.07	 5.04	 5.19	 18.05	M1.9\
 5.255	 0.5420	 0.579	3773	 4.646	32.37	11.80	10.37	10.40	 9.14	 8.29	 7.20	 5.99	 5.37	 5.19	 5.07	 5.03	 5.19	 18.06	M1.9\
 5.259	 0.5430	 0.580	3775	 4.646	32.37	11.79	10.36	10.39	 9.13	 8.28	 7.20	 5.98	 5.36	 5.18	 5.07	 5.03	 5.19	 18.07	M1.9\
 5.264	 0.5440	 0.581	3777	 4.646	32.37	11.78	10.35	10.39	 9.12	 8.27	 7.19	 5.98	 5.36	 5.18	 5.06	 5.03	 5.18	 18.08	M1.9\
 5.268	 0.5450	 0.581	3780	 4.645	32.38	11.78	10.35	10.38	 9.11	 8.26	 7.18	 5.98	 5.35	 5.17	 5.06	 5.02	 5.18	 18.09	M1.9\
 5.273	 0.5460	 0.582	3782	 4.645	32.38	11.77	10.34	10.37	 9.11	 8.26	 7.18	 5.97	 5.35	 5.17	 5.06	 5.02	 5.18	 18.10	M1.9\
 5.278	 0.5470	 0.583	3784	 4.645	32.38	11.76	10.33	10.36	 9.10	 8.25	 7.17	 5.97	 5.34	 5.16	 5.05	 5.02	 5.17	 18.10	M1.9\
 5.282	 0.5480	 0.584	3786	 4.644	32.38	11.76	10.32	10.36	 9.09	 8.24	 7.17	 5.96	 5.34	 5.16	 5.05	 5.01	 5.17	 18.11	M1.9\
 5.287	 0.5490	 0.584	3788	 4.644	32.38	11.75	10.31	10.35	 9.08	 8.24	 7.16	 5.96	 5.33	 5.15	 5.04	 5.01	 5.17	 18.12	M1.9\
 5.291	 0.5500	 0.585	3790	 4.644	32.39	11.74	10.31	10.34	 9.08	 8.23	 7.16	 5.95	 5.33	 5.15	 5.04	 5.00	 5.16	 18.13	M1.9\
 5.296	 0.5510	 0.586	3792	 4.644	32.39	11.74	10.30	10.33	 9.07	 8.22	 7.15	 5.95	 5.32	 5.14	 5.04	 5.00	 5.16	 18.14	M1.9\
 5.300	 0.5520	 0.586	3794	 4.643	32.39	11.73	10.29	10.32	 9.06	 8.21	 7.14	 5.94	 5.32	 5.14	 5.03	 5.00	 5.16	 18.15	M1.9\
 5.305	 0.5530	 0.587	3796	 4.643	32.39	11.72	10.28	10.32	 9.05	 8.21	 7.14	 5.94	 5.31	 5.14	 5.03	 4.99	 5.15	 18.16	M1.8\
 5.309	 0.5540	 0.588	3799	 4.643	32.40	11.71	10.28	10.31	 9.04	 8.20	 7.13	 5.93	 5.31	 5.13	 5.02	 4.99	 5.15	 18.17	M1.8\
 5.314	 0.5550	 0.589	3801	 4.642	32.40	11.71	10.27	10.30	 9.04	 8.19	 7.13	 5.93	 5.30	 5.13	 5.02	 4.99	 5.15	 18.18	M1.8\
 5.318	 0.5560	 0.589	3803	 4.642	32.40	11.70	10.26	10.29	 9.03	 8.18	 7.12	 5.92	 5.30	 5.12	 5.02	 4.98	 5.14	 18.19	M1.8\
 5.323	 0.5570	 0.590	3806	 4.642	32.40	11.69	10.25	10.28	 9.02	 8.18	 7.12	 5.92	 5.29	 5.12	 5.01	 4.98	 5.14	 18.20	M1.8\
 5.327	 0.5580	 0.591	3808	 4.641	32.40	11.69	10.24	10.28	 9.01	 8.17	 7.11	 5.91	 5.29	 5.11	 5.01	 4.98	 5.14	 18.21	M1.8\
 5.332	 0.5590	 0.592	3810	 4.641	32.41	11.68	10.24	10.27	 9.00	 8.16	 7.10	 5.91	 5.28	 5.11	 5.00	 4.97	 5.13	 18.22	M1.8\
 5.336	 0.5600	 0.592	3813	 4.641	32.41	11.67	10.23	10.26	 9.00	 8.15	 7.10	 5.91	 5.28	 5.10	 5.00	 4.97	 5.13	 18.23	M1.8\
 5.341	 0.5610	 0.593	3815	 4.640	32.41	11.67	10.22	10.25	 8.99	 8.15	 7.09	 5.90	 5.27	 5.10	 5.00	 4.96	 5.13	 18.24	M1.8\
 5.345	 0.5620	 0.594	3817	 4.640	32.41	11.66	10.21	10.24	 8.98	 8.14	 7.09	 5.90	 5.27	 5.10	 4.99	 4.96	 5.12	 18.25	M1.8\
 5.349	 0.5630	 0.595	3820	 4.640	32.41	11.65	10.20	10.24	 8.97	 8.13	 7.08	 5.89	 5.26	 5.09	 4.99	 4.96	 5.12	 18.26	M1.7\
 5.354	 0.5640	 0.595	3822	 4.640	32.42	11.65	10.19	10.23	 8.96	 8.12	 7.07	 5.89	 5.26	 5.09	 4.99	 4.95	 5.12	 18.27	M1.7\
 5.358	 0.5650	 0.596	3824	 4.639	32.42	11.64	10.19	10.22	 8.96	 8.12	 7.07	 5.88	 5.25	 5.08	 4.98	 4.95	 5.11	 18.28	M1.7\
 5.363	 0.5660	 0.597	3827	 4.639	32.42	11.63	10.18	10.21	 8.95	 8.11	 7.06	 5.88	 5.25	 5.08	 4.98	 4.95	 5.11	 18.29	M1.7\
 5.367	 0.5670	 0.598	3829	 4.639	32.42	11.62	10.17	10.20	 8.94	 8.10	 7.06	 5.87	 5.24	 5.07	 4.97	 4.94	 5.11	 18.30	M1.7\
 5.372	 0.5680	 0.598	3832	 4.638	32.43	11.62	10.16	10.20	 8.93	 8.09	 7.05	 5.87	 5.24	 5.07	 4.97	 4.94	 5.10	 18.31	M1.7\
 5.376	 0.5690	 0.599	3834	 4.638	32.43	11.61	10.15	10.19	 8.92	 8.09	 7.04	 5.86	 5.23	 5.06	 4.97	 4.94	 5.10	 18.32	M1.7\
 5.380	 0.5700	 0.600	3836	 4.638	32.43	11.60	10.15	10.18	 8.92	 8.08	 7.04	 5.86	 5.23	 5.06	 4.96	 4.93	 5.10	 18.33	M1.7\
 5.385	 0.5710	 0.600	3839	 4.637	32.43	11.60	10.14	10.17	 8.91	 8.07	 7.03	 5.85	 5.22	 5.05	 4.96	 4.93	 5.09	 18.34	M1.7\
 5.389	 0.5720	 0.601	3841	 4.637	32.43	11.59	10.13	10.16	 8.90	 8.06	 7.03	 5.85	 5.22	 5.05	 4.95	 4.92	 5.09	 18.35	M1.6\
 5.394	 0.5730	 0.602	3844	 4.637	32.44	11.58	10.12	10.15	 8.89	 8.06	 7.02	 5.84	 5.21	 5.05	 4.95	 4.92	 5.09	 18.36	M1.6\
 5.398	 0.5740	 0.603	3846	 4.637	32.44	11.58	10.11	10.15	 8.88	 8.05	 7.02	 5.84	 5.20	 5.04	 4.95	 4.92	 5.08	 18.37	M1.6\
 5.402	 0.5750	 0.603	3849	 4.636	32.44	11.57	10.10	10.14	 8.87	 8.04	 7.01	 5.83	 5.20	 5.04	 4.94	 4.91	 5.08	 18.38	M1.6\
 5.407	 0.5760	 0.604	3851	 4.636	32.44	11.56	10.10	10.13	 8.87	 8.03	 7.00	 5.83	 5.19	 5.03	 4.94	 4.91	 5.08	 18.39	M1.6\
 5.411	 0.5770	 0.605	3853	 4.636	32.44	11.55	10.09	10.12	 8.86	 8.03	 7.00	 5.83	 5.19	 5.03	 4.94	 4.91	 5.07	 18.41	M1.6\
 5.416	 0.5780	 0.606	3856	 4.635	32.45	11.55	10.08	10.11	 8.85	 8.02	 6.99	 5.82	 5.18	 5.02	 4.93	 4.90	 5.07	 18.42	M1.6\
 5.420	 0.5790	 0.606	3858	 4.635	32.45	11.54	10.07	10.11	 8.84	 8.01	 6.99	 5.82	 5.18	 5.02	 4.93	 4.90	 5.07	 18.43	M1.6\
 5.424	 0.5800	 0.607	3861	 4.635	32.45	11.53	10.06	10.10	 8.83	 8.00	 6.98	 5.81	 5.17	 5.01	 4.92	 4.90	 5.06	 18.44	M1.6\
 5.429	 0.5810	 0.608	3863	 4.634	32.45	11.53	10.06	10.09	 8.83	 8.00	 6.97	 5.81	 5.17	 5.01	 4.92	 4.89	 5.06	 18.45	M1.6\
 5.433	 0.5820	 0.608	3865	 4.634	32.46	11.52	10.05	10.08	 8.82	 7.99	 6.97	 5.80	 5.16	 5.01	 4.92	 4.89	 5.06	 18.46	M1.5\
 5.437	 0.5830	 0.609	3868	 4.634	32.46	11.51	10.04	10.07	 8.81	 7.98	 6.96	 5.80	 5.16	 5.00	 4.91	 4.88	 5.05	 18.47	M1.5\
 5.442	 0.5840	 0.610	3870	 4.634	32.46	11.51	10.03	10.06	 8.80	 7.97	 6.96	 5.79	 5.15	 5.00	 4.91	 4.88	 5.05	 18.48	M1.5\
 5.446	 0.5850	 0.611	3873	 4.633	32.46	11.50	10.02	10.06	 8.79	 7.97	 6.95	 5.79	 5.15	 4.99	 4.91	 4.88	 5.05	 18.49	M1.5\
 5.450	 0.5860	 0.611	3875	 4.633	32.46	11.49	10.01	10.05	 8.79	 7.96	 6.94	 5.78	 5.14	 4.99	 4.90	 4.87	 5.04	 18.50	M1.5\
 5.455	 0.5870	 0.612	3877	 4.633	32.47	11.49	10.01	10.04	 8.78	 7.95	 6.94	 5.78	 5.14	 4.98	 4.90	 4.87	 5.04	 18.51	M1.5\
 5.459	 0.5880	 0.613	3880	 4.632	32.47	11.48	10.00	10.03	 8.77	 7.94	 6.93	 5.77	 5.13	 4.98	 4.89	 4.87	 5.04	 18.52	M1.5\
 5.463	 0.5890	 0.614	3882	 4.632	32.47	11.47	 9.99	10.02	 8.76	 7.94	 6.93	 5.77	 5.13	 4.97	 4.89	 4.86	 5.03	 18.53	M1.5\
 5.468	 0.5900	 0.614	3885	 4.632	32.47	11.47	 9.98	10.02	 8.75	 7.93	 6.92	 5.77	 5.12	 4.97	 4.89	 4.86	 5.03	 18.54	M1.5\
 5.472	 0.5910	 0.615	3887	 4.632	32.47	11.46	 9.97	10.01	 8.75	 7.92	 6.92	 5.76	 5.12	 4.97	 4.88	 4.86	 5.03	 18.55	M1.4\
 5.476	 0.5920	 0.616	3889	 4.631	32.48	11.45	 9.97	10.00	 8.74	 7.91	 6.91	 5.76	 5.11	 4.96	 4.88	 4.85	 5.02	 18.56	M1.4\
 5.481	 0.5930	 0.616	3892	 4.631	32.48	11.44	 9.96	 9.99	 8.73	 7.91	 6.90	 5.75	 5.11	 4.96	 4.88	 4.85	 5.02	 18.58	M1.4\
 5.485	 0.5940	 0.617	3894	 4.631	32.48	11.44	 9.95	 9.98	 8.72	 7.90	 6.90	 5.75	 5.10	 4.95	 4.87	 4.85	 5.02	 18.59	M1.4\
 5.489	 0.5950	 0.618	3897	 4.630	32.48	11.43	 9.94	 9.98	 8.71	 7.89	 6.89	 5.74	 5.10	 4.95	 4.87	 4.84	 5.01	 18.60	M1.4\
 5.493	 0.5960	 0.619	3900	 4.630	32.48	11.42	 9.93	 9.97	 8.70	 7.88	 6.89	 5.74	 5.09	 4.94	 4.86	 4.84	 5.01	 18.61	M1.4\
 5.498	 0.5970	 0.619	3902	 4.630	32.49	11.42	 9.92	 9.96	 8.70	 7.87	 6.88	 5.73	 5.09	 4.94	 4.86	 4.83	 5.01	 18.62	M1.4\
 5.502	 0.5980	 0.620	3905	 4.630	32.49	11.41	 9.91	 9.95	 8.69	 7.87	 6.87	 5.73	 5.08	 4.93	 4.86	 4.83	 5.00	 18.64	M1.4\
 5.506	 0.5990	 0.621	3908	 4.629	32.49	11.40	 9.91	 9.94	 8.68	 7.86	 6.87	 5.72	 5.08	 4.93	 4.85	 4.83	 5.00	 18.65	M1.3\
 5.511	 0.6000	 0.622	3911	 4.629	32.49	11.39	 9.90	 9.93	 8.67	 7.85	 6.86	 5.72	 5.07	 4.93	 4.85	 4.82	 5.00	 18.67	M1.3\
 5.515	 0.6010	 0.622	3914	 4.629	32.50	11.38	 9.89	 9.92	 8.66	 7.84	 6.85	 5.71	 5.07	 4.92	 4.85	 4.82	 4.99	 18.68	M1.3\
 5.519	 0.6020	 0.623	3916	 4.628	32.50	11.38	 9.88	 9.91	 8.65	 7.83	 6.85	 5.71	 5.06	 4.92	 4.84	 4.82	 4.99	 18.70	M1.3\
 5.523	 0.6030	 0.624	3919	 4.628	32.50	11.37	 9.87	 9.90	 8.64	 7.82	 6.84	 5.70	 5.06	 4.91	 4.84	 4.81	 4.99	 18.71	M1.3\
 5.528	 0.6040	 0.624	3922	 4.628	32.50	11.36	 9.86	 9.89	 8.63	 7.81	 6.84	 5.70	 5.05	 4.91	 4.83	 4.81	 4.98	 18.72	M1.3\
 5.532	 0.6050	 0.625	3925	 4.628	32.51	11.35	 9.85	 9.89	 8.62	 7.81	 6.83	 5.69	 5.05	 4.90	 4.83	 4.81	 4.98	 18.74	M1.3\
 5.536	 0.6060	 0.626	3928	 4.627	32.51	11.35	 9.84	 9.88	 8.61	 7.80	 6.82	 5.69	 5.04	 4.90	 4.83	 4.80	 4.98	 18.75	M1.2\
 5.540	 0.6070	 0.627	3931	 4.627	32.51	11.34	 9.83	 9.87	 8.60	 7.79	 6.82	 5.69	 5.04	 4.89	 4.82	 4.80	 4.97	 18.77	M1.2\
 5.544	 0.6080	 0.627	3933	 4.627	32.51	11.33	 9.82	 9.86	 8.60	 7.78	 6.81	 5.68	 5.03	 4.89	 4.82	 4.80	 4.97	 18.78	M1.2\
 5.549	 0.6090	 0.628	3936	 4.626	32.51	11.32	 9.82	 9.85	 8.59	 7.77	 6.80	 5.68	 5.03	 4.89	 4.82	 4.79	 4.97	 18.80	M1.2\
 5.553	 0.6100	 0.629	3939	 4.626	32.52	11.32	 9.81	 9.84	 8.58	 7.76	 6.80	 5.67	 5.02	 4.88	 4.81	 4.79	 4.96	 18.81	M1.2\
 5.557	 0.6110	 0.629	3942	 4.626	32.52	11.31	 9.80	 9.83	 8.57	 7.75	 6.79	 5.67	 5.02	 4.88	 4.81	 4.79	 4.96	 18.83	M1.2\
 5.561	 0.6120	 0.630	3945	 4.626	32.52	11.30	 9.79	 9.82	 8.56	 7.74	 6.79	 5.66	 5.01	 4.87	 4.80	 4.78	 4.96	 18.84	M1.2\
 5.565	 0.6130	 0.631	3948	 4.625	32.52	11.29	 9.78	 9.81	 8.55	 7.74	 6.78	 5.66	 5.01	 4.87	 4.80	 4.78	 4.95	 18.86	M1.1\
 5.570	 0.6140	 0.632	3951	 4.625	32.53	11.28	 9.77	 9.80	 8.54	 7.73	 6.77	 5.65	 5.00	 4.86	 4.80	 4.77	 4.95	 18.87	M1.1\
 5.574	 0.6150	 0.632	3953	 4.625	32.53	11.28	 9.76	 9.80	 8.53	 7.72	 6.77	 5.65	 5.00	 4.86	 4.79	 4.77	 4.95	 18.89	M1.1\
 5.578	 0.6160	 0.633	3956	 4.624	32.53	11.27	 9.75	 9.79	 8.52	 7.71	 6.76	 5.64	 4.99	 4.85	 4.79	 4.77	 4.94	 18.90	M1.1\
 5.582	 0.6170	 0.634	3959	 4.624	32.53	11.26	 9.74	 9.78	 8.51	 7.70	 6.75	 5.64	 4.99	 4.85	 4.79	 4.76	 4.94	 18.92	M1.1\
 5.586	 0.6180	 0.634	3962	 4.624	32.53	11.25	 9.73	 9.77	 8.50	 7.69	 6.75	 5.63	 4.98	 4.85	 4.78	 4.76	 4.94	 18.93	M1.1\
 5.591	 0.6190	 0.635	3965	 4.624	32.54	11.25	 9.72	 9.76	 8.49	 7.68	 6.74	 5.63	 4.98	 4.84	 4.78	 4.76	 4.93	 18.95	M1.1\
 5.595	 0.6200	 0.636	3968	 4.623	32.54	11.24	 9.72	 9.75	 8.49	 7.68	 6.74	 5.62	 4.97	 4.84	 4.78	 4.75	 4.93	 18.96	M1\
 5.599	 0.6210	 0.637	3971	 4.623	32.54	11.23	 9.71	 9.74	 8.48	 7.67	 6.73	 5.62	 4.97	 4.83	 4.77	 4.75	 4.93	 18.98	M1\
 5.603	 0.6220	 0.637	3973	 4.623	32.54	11.22	 9.70	 9.73	 8.47	 7.66	 6.72	 5.61	 4.96	 4.83	 4.77	 4.75	 4.92	 18.99	M1\
 5.607	 0.6230	 0.638	3976	 4.623	32.55	11.21	 9.69	 9.72	 8.46	 7.65	 6.72	 5.61	 4.96	 4.82	 4.76	 4.74	 4.92	 19.01	M1\
 5.611	 0.6240	 0.639	3979	 4.622	32.55	11.21	 9.68	 9.71	 8.45	 7.64	 6.71	 5.61	 4.95	 4.82	 4.76	 4.74	 4.92	 19.02	M1\
 5.616	 0.6250	 0.639	3982	 4.622	32.55	11.20	 9.67	 9.71	 8.44	 7.63	 6.70	 5.60	 4.95	 4.82	 4.76	 4.74	 4.91	 19.04	M1\
 5.620	 0.6260	 0.640	3985	 4.622	32.55	11.19	 9.66	 9.70	 8.43	 7.62	 6.70	 5.60	 4.94	 4.81	 4.75	 4.73	 4.91	 19.05	M0.9\
 5.624	 0.6270	 0.641	3988	 4.621	32.55	11.18	 9.65	 9.69	 8.42	 7.62	 6.69	 5.59	 4.94	 4.81	 4.75	 4.73	 4.91	 19.07	M0.9\
 5.628	 0.6280	 0.642	3991	 4.621	32.56	11.18	 9.64	 9.68	 8.41	 7.61	 6.69	 5.59	 4.93	 4.80	 4.75	 4.73	 4.90	 19.09	M0.9\
 5.632	 0.6290	 0.642	3994	 4.621	32.56	11.17	 9.63	 9.67	 8.40	 7.60	 6.68	 5.58	 4.93	 4.80	 4.74	 4.72	 4.90	 19.10	M0.9\
 5.636	 0.6300	 0.643	3996	 4.621	32.56	11.16	 9.63	 9.66	 8.39	 7.59	 6.67	 5.58	 4.92	 4.79	 4.74	 4.72	 4.90	 19.12	M0.9\
 5.640	 0.6310	 0.644	3999	 4.620	32.56	11.15	 9.62	 9.65	 8.38	 7.58	 6.67	 5.57	 4.92	 4.79	 4.73	 4.72	 4.89	 19.13	M0.9\
 5.644	 0.6320	 0.644	4002	 4.620	32.57	11.14	 9.61	 9.64	 8.38	 7.57	 6.66	 5.57	 4.91	 4.79	 4.73	 4.71	 4.89	 19.15	M0.8\
 5.648	 0.6330	 0.645	4005	 4.620	32.57	11.14	 9.60	 9.63	 8.37	 7.56	 6.66	 5.56	 4.91	 4.78	 4.73	 4.71	 4.89	 19.17	M0.8\
 5.653	 0.6340	 0.646	4008	 4.620	32.57	11.13	 9.59	 9.62	 8.36	 7.56	 6.65	 5.56	 4.90	 4.78	 4.72	 4.71	 4.88	 19.19	M0.8\
 5.657	 0.6350	 0.647	4011	 4.619	32.57	11.12	 9.58	 9.61	 8.35	 7.55	 6.64	 5.55	 4.90	 4.77	 4.72	 4.70	 4.88	 19.21	M0.8\
 5.661	 0.6360	 0.647	4014	 4.619	32.57	11.11	 9.57	 9.61	 8.34	 7.54	 6.64	 5.55	 4.90	 4.77	 4.72	 4.70	 4.88	 19.23	M0.8\
 5.665	 0.6370	 0.648	4017	 4.619	32.58	11.10	 9.56	 9.60	 8.33	 7.53	 6.63	 5.54	 4.89	 4.77	 4.71	 4.70	 4.87	 19.25	M0.8\
 5.669	 0.6380	 0.649	4020	 4.618	32.58	11.09	 9.55	 9.59	 8.32	 7.52	 6.62	 5.54	 4.89	 4.76	 4.71	 4.69	 4.87	 19.27	M0.7\
 5.673	 0.6390	 0.649	4023	 4.618	32.58	11.08	 9.54	 9.58	 8.31	 7.51	 6.62	 5.54	 4.88	 4.76	 4.71	 4.69	 4.87	 19.29	M0.7\
 5.677	 0.6400	 0.650	4025	 4.618	32.58	11.08	 9.53	 9.57	 8.30	 7.51	 6.61	 5.53	 4.88	 4.75	 4.70	 4.69	 4.86	 19.31	M0.7\
 5.681	 0.6410	 0.651	4028	 4.618	32.59	11.07	 9.52	 9.56	 8.30	 7.50	 6.61	 5.53	 4.87	 4.75	 4.70	 4.68	 4.86	 19.33	M0.7\
 5.685	 0.6420	 0.652	4031	 4.617	32.59	11.06	 9.51	 9.55	 8.29	 7.49	 6.60	 5.52	 4.87	 4.75	 4.70	 4.68	 4.86	 19.35	M0.7\
 5.689	 0.6430	 0.652	4034	 4.617	32.59	11.05	 9.51	 9.54	 8.28	 7.48	 6.59	 5.52	 4.87	 4.74	 4.69	 4.68	 4.85	 19.37	M0.6\
 5.693	 0.6440	 0.653	4037	 4.617	32.59	11.04	 9.50	 9.53	 8.27	 7.47	 6.59	 5.51	 4.86	 4.74	 4.69	 4.67	 4.85	 19.39	M0.6\
 5.697	 0.6450	 0.654	4040	 4.617	32.59	11.03	 9.49	 9.52	 8.26	 7.46	 6.58	 5.51	 4.86	 4.74	 4.69	 4.67	 4.85	 19.41	M0.6\
 5.701	 0.6460	 0.654	4043	 4.616	32.60	11.02	 9.48	 9.51	 8.25	 7.46	 6.58	 5.50	 4.85	 4.73	 4.68	 4.67	 4.84	 19.43	M0.6\
 5.706	 0.6470	 0.655	4046	 4.616	32.60	11.01	 9.47	 9.50	 8.24	 7.45	 6.57	 5.50	 4.85	 4.73	 4.68	 4.66	 4.84	 19.45	M0.5\
 5.710	 0.6480	 0.656	4049	 4.616	32.60	11.01	 9.46	 9.49	 8.23	 7.44	 6.56	 5.49	 4.85	 4.72	 4.68	 4.66	 4.84	 19.47	M0.5\
 5.714	 0.6490	 0.656	4052	 4.616	32.60	11.00	 9.45	 9.49	 8.23	 7.43	 6.56	 5.49	 4.84	 4.72	 4.67	 4.66	 4.83	 19.49	M0.5\
 5.718	 0.6500	 0.657	4055	 4.615	32.61	10.99	 9.44	 9.48	 8.22	 7.42	 6.55	 5.49	 4.84	 4.72	 4.67	 4.65	 4.83	 19.51	M0.5\
 5.722	 0.6510	 0.658	4058	 4.615	32.61	10.98	 9.43	 9.47	 8.21	 7.42	 6.54	 5.48	 4.83	 4.71	 4.67	 4.65	 4.83	 19.53	M0.5\
 5.726	 0.6520	 0.659	4061	 4.615	32.61	10.97	 9.42	 9.46	 8.20	 7.41	 6.54	 5.48	 4.83	 4.71	 4.66	 4.65	 4.83	 19.56	M0.4\
 5.730	 0.6530	 0.659	4063	 4.614	32.61	10.96	 9.41	 9.45	 8.19	 7.40	 6.53	 5.47	 4.82	 4.71	 4.66	 4.64	 4.82	 19.58	M0.4\
 5.734	 0.6540	 0.660	4066	 4.614	32.61	10.95	 9.40	 9.44	 8.18	 7.39	 6.53	 5.47	 4.82	 4.70	 4.66	 4.64	 4.82	 19.60	M0.4\
 5.738	 0.6550	 0.661	4069	 4.614	32.62	10.94	 9.39	 9.43	 8.17	 7.38	 6.52	 5.46	 4.82	 4.70	 4.65	 4.64	 4.82	 19.62	M0.4\
 5.742	 0.6560	 0.661	4072	 4.614	32.62	10.94	 9.39	 9.42	 8.16	 7.37	 6.51	 5.46	 4.81	 4.69	 4.65	 4.63	 4.81	 19.64	M0.4\
 5.746	 0.6570	 0.662	4075	 4.613	32.62	10.93	 9.38	 9.41	 8.15	 7.37	 6.51	 5.45	 4.81	 4.69	 4.65	 4.63	 4.81	 19.66	M0.3\
 5.750	 0.6580	 0.663	4078	 4.613	32.62	10.92	 9.37	 9.40	 8.15	 7.36	 6.50	 5.45	 4.80	 4.69	 4.64	 4.63	 4.81	 19.68	M0.3\
 5.754	 0.6590	 0.664	4081	 4.613	32.62	10.91	 9.36	 9.39	 8.14	 7.35	 6.50	 5.45	 4.80	 4.68	 4.64	 4.62	 4.80	 19.70	M0.3\
 5.758	 0.6600	 0.664	4084	 4.613	32.63	10.90	 9.35	 9.38	 8.13	 7.34	 6.49	 5.44	 4.79	 4.68	 4.64	 4.62	 4.80	 19.73	M0.3\
 5.762	 0.6610	 0.665	4087	 4.612	32.63	10.89	 9.34	 9.37	 8.12	 7.33	 6.48	 5.44	 4.79	 4.68	 4.63	 4.62	 4.80	 19.75	M0.3\
 5.766	 0.6620	 0.666	4090	 4.612	32.63	10.88	 9.33	 9.37	 8.11	 7.32	 6.48	 5.43	 4.79	 4.67	 4.63	 4.61	 4.79	 19.77	M0.2\
 5.770	 0.6630	 0.666	4093	 4.612	32.63	10.87	 9.32	 9.36	 8.10	 7.32	 6.47	 5.43	 4.78	 4.67	 4.62	 4.61	 4.79	 19.79	M0.2\
 5.774	 0.6640	 0.667	4096	 4.612	32.64	10.87	 9.31	 9.35	 8.09	 7.31	 6.46	 5.42	 4.78	 4.66	 4.62	 4.61	 4.79	 19.81	M0.2\
 5.778	 0.6650	 0.668	4099	 4.611	32.64	10.86	 9.30	 9.34	 8.08	 7.30	 6.46	 5.42	 4.77	 4.66	 4.62	 4.60	 4.78	 19.83	M0.2\
 5.782	 0.6660	 0.668	4102	 4.611	32.64	10.85	 9.29	 9.33	 8.07	 7.29	 6.45	 5.41	 4.77	 4.66	 4.61	 4.60	 4.78	 19.86	M0.1\
 5.786	 0.6670	 0.669	4105	 4.611	32.64	10.84	 9.28	 9.32	 8.06	 7.28	 6.45	 5.41	 4.77	 4.65	 4.61	 4.60	 4.78	 19.88	M0.1\
 5.790	 0.6680	 0.670	4108	 4.611	32.64	10.83	 9.27	 9.31	 8.06	 7.27	 6.44	 5.40	 4.76	 4.65	 4.61	 4.59	 4.78	 19.90	M0.1\
 5.793	 0.6690	 0.671	4111	 4.610	32.65	10.82	 9.26	 9.30	 8.05	 7.26	 6.43	 5.40	 4.76	 4.65	 4.60	 4.59	 4.77	 19.92	M0.1\
 5.797	 0.6700	 0.671	4114	 4.610	32.65	10.81	 9.26	 9.29	 8.04	 7.26	 6.43	 5.40	 4.75	 4.64	 4.60	 4.59	 4.77	 19.95	M0.1\
 5.801	 0.6710	 0.672	4117	 4.610	32.65	10.80	 9.25	 9.28	 8.03	 7.25	 6.42	 5.39	 4.75	 4.64	 4.60	 4.58	 4.77	 19.97	M0\
 5.805	 0.6720	 0.673	4120	 4.610	32.65	10.79	 9.24	 9.27	 8.02	 7.24	 6.42	 5.39	 4.74	 4.63	 4.59	 4.58	 4.76	 19.99	M0\
 5.809	 0.6730	 0.673	4123	 4.609	32.66	10.79	 9.23	 9.26	 8.01	 7.23	 6.41	 5.38	 4.74	 4.63	 4.59	 4.58	 4.76	 20.01	M0\
 5.813	 0.6740	 0.674	4126	 4.609	32.66	10.78	 9.22	 9.25	 8.00	 7.22	 6.40	 5.38	 4.74	 4.63	 4.59	 4.58	 4.76	 20.04	M0\
 5.817	 0.6750	 0.675	4129	 4.609	32.66	10.77	 9.21	 9.24	 7.99	 7.21	 6.40	 5.37	 4.73	 4.62	 4.58	 4.57	 4.75	 20.06	K7.9\
 5.821	 0.6760	 0.675	4132	 4.609	32.66	10.76	 9.20	 9.24	 7.98	 7.21	 6.39	 5.37	 4.73	 4.62	 4.58	 4.57	 4.75	 20.08	K7.9\
 5.825	 0.6770	 0.676	4135	 4.608	32.66	10.75	 9.19	 9.23	 7.98	 7.20	 6.38	 5.36	 4.72	 4.62	 4.58	 4.57	 4.75	 20.11	K7.9\
 5.829	 0.6780	 0.677	4138	 4.608	32.67	10.74	 9.18	 9.22	 7.97	 7.19	 6.38	 5.36	 4.72	 4.61	 4.57	 4.56	 4.74	 20.13	K7.9\
 5.833	 0.6790	 0.677	4141	 4.608	32.67	10.73	 9.17	 9.21	 7.96	 7.18	 6.37	 5.36	 4.72	 4.61	 4.57	 4.56	 4.74	 20.15	K7.8\
 5.837	 0.6800	 0.678	4144	 4.608	32.67	10.72	 9.16	 9.20	 7.95	 7.17	 6.37	 5.35	 4.71	 4.60	 4.57	 4.56	 4.74	 20.18	K7.8\
 5.841	 0.6810	 0.679	4147	 4.607	32.67	10.72	 9.15	 9.19	 7.94	 7.16	 6.36	 5.35	 4.71	 4.60	 4.56	 4.55	 4.74	 20.20	K7.8\
 5.844	 0.6820	 0.680	4150	 4.607	32.67	10.71	 9.14	 9.18	 7.93	 7.16	 6.35	 5.34	 4.70	 4.60	 4.56	 4.55	 4.73	 20.22	K7.8\
 5.848	 0.6830	 0.680	4153	 4.607	32.68	10.70	 9.13	 9.17	 7.92	 7.15	 6.35	 5.34	 4.70	 4.59	 4.56	 4.55	 4.73	 20.25	K7.8\
 5.852	 0.6840	 0.681	4156	 4.607	32.68	10.69	 9.12	 9.16	 7.91	 7.14	 6.34	 5.33	 4.70	 4.59	 4.55	 4.54	 4.73	 20.27	K7.7\
 5.856	 0.6850	 0.682	4159	 4.606	32.68	10.68	 9.12	 9.15	 7.90	 7.13	 6.34	 5.33	 4.69	 4.59	 4.55	 4.54	 4.72	 20.29	K7.7\
 5.860	 0.6860	 0.682	4162	 4.606	32.68	10.67	 9.11	 9.14	 7.89	 7.12	 6.33	 5.32	 4.69	 4.58	 4.55	 4.54	 4.72	 20.32	K7.7\
 5.864	 0.6870	 0.683	4165	 4.606	32.69	10.66	 9.10	 9.13	 7.89	 7.11	 6.32	 5.32	 4.68	 4.58	 4.54	 4.53	 4.72	 20.34	K7.7\
 5.868	 0.6880	 0.684	4168	 4.606	32.69	10.65	 9.09	 9.12	 7.88	 7.11	 6.32	 5.32	 4.68	 4.58	 4.54	 4.53	 4.71	 20.37	K7.6\
 5.872	 0.6890	 0.684	4171	 4.605	32.69	10.64	 9.08	 9.11	 7.87	 7.10	 6.31	 5.31	 4.67	 4.57	 4.54	 4.53	 4.71	 20.39	K7.6\
 5.876	 0.6900	 0.685	4174	 4.605	32.69	10.64	 9.07	 9.10	 7.86	 7.09	 6.30	 5.31	 4.67	 4.57	 4.53	 4.52	 4.71	 20.41	K7.6\
 5.879	 0.6910	 0.686	4177	 4.605	32.69	10.63	 9.06	 9.10	 7.85	 7.08	 6.30	 5.30	 4.67	 4.56	 4.53	 4.52	 4.71	 20.44	K7.6\
 5.883	 0.6920	 0.687	4180	 4.605	32.70	10.62	 9.05	 9.09	 7.84	 7.07	 6.29	 5.30	 4.66	 4.56	 4.53	 4.52	 4.70	 20.46	K7.5\
 5.887	 0.6930	 0.687	4183	 4.604	32.70	10.61	 9.04	 9.08	 7.83	 7.06	 6.29	 5.29	 4.66	 4.56	 4.52	 4.51	 4.70	 20.49	K7.5\
 5.891	 0.6940	 0.688	4186	 4.604	32.70	10.60	 9.03	 9.07	 7.82	 7.06	 6.28	 5.29	 4.65	 4.55	 4.52	 4.51	 4.70	 20.51	K7.5\
 5.895	 0.6950	 0.689	4189	 4.604	32.70	10.59	 9.02	 9.06	 7.81	 7.05	 6.27	 5.28	 4.65	 4.55	 4.52	 4.51	 4.69	 20.54	K7.5\
 5.899	 0.6960	 0.689	4192	 4.604	32.70	10.58	 9.01	 9.05	 7.80	 7.04	 6.27	 5.28	 4.65	 4.55	 4.51	 4.51	 4.69	 20.56	K7.4\
 5.902	 0.6970	 0.690	4195	 4.603	32.71	10.57	 9.00	 9.04	 7.80	 7.03	 6.26	 5.28	 4.64	 4.54	 4.51	 4.50	 4.69	 20.59	K7.4\
 5.906	 0.6980	 0.691	4198	 4.603	32.71	10.56	 8.99	 9.03	 7.79	 7.02	 6.25	 5.27	 4.64	 4.54	 4.51	 4.50	 4.68	 20.61	K7.4\
 5.910	 0.6990	 0.691	4201	 4.603	32.71	10.56	 8.98	 9.02	 7.78	 7.01	 6.25	 5.27	 4.63	 4.54	 4.50	 4.50	 4.68	 20.64	K7.4\
 5.914	 0.7000	 0.692	4204	 4.603	32.71	10.55	 8.98	 9.01	 7.77	 7.01	 6.24	 5.26	 4.63	 4.53	 4.50	 4.49	 4.68	 20.66	K7.3\
