# Porb (h) / M2 / M2_err / R2 / R2_err / epsilon / epsilon_err / mwd
1.3094 0.051 0.011 0.105 0.008 0.0133 0.0006  0.75 #DI UMa
1.3114 0.083 0.018 0.124 0.009 0.0242 0.0009  0.75 #V844 Her
1.3212 0.097 0.023 0.131 0.010 0.0290 0.0036  0.75 #LL And
1.3289 0.085 0.019 0.125 0.009 0.0248 0.0020  0.75 #SDSS 0137
1.3452 0.072 0.017 0.120 0.009 0.0206 0.0021  0.75 #ASAS 0025
1.3601 0.047 0.010 0.104 0.008 0.0120 0.0007  0.75 #AL Com
#1.3606 0.056 0.009 0.111 0.006 0.0092 0.0007 1.1 #WZ Sge
1.3606 0.063 0.015 0.115 0.009 0.0173 0.0020  0.75 #RX 1839
1.3606 0.077 0.018 0.123 0.009 0.0222 0.0020  0.75 #PU CMa
1.3634 0.084 0.020 0.127 0.010 0.0245 0.0027  0.75 #SW UMa
1.3697 0.071 0.015 0.120 0.009 0.0200 0.0009  0.75 #HV Vir
1.3822 0.066 0.014 0.118 0.009 0.0184 0.0010  0.75 #MM Hya
1.3990 0.070 0.016 0.122 0.009 0.0199 0.0015  0.75 #WX Cet
1.4102 0.080 0.018 0.128 0.010 0.0233 0.0022  0.75 #KV Dra
1.4117 0.081 0.018 0.129 0.009 0.0236 0.0014  0.75 #T Leo
1.4393 0.031 0.007 0.095 0.007 0.0067 0.0008  0.75 #EG Cnc
1.4467 0.103 0.023 0.142 0.011 0.0310 0.0027  0.75 #V1040 Cen
1.4472 0.064 0.015 0.121 0.009 0.0178 0.0020  0.75 #RX Vol
1.4626 0.096 0.021 0.139 0.010 0.0284 0.0021  0.75 #AQ Eri
#1.4678 0.094 0.005 0.139 0.003 0.0270 0.0016 0.77 #XZ Eri
1.4748 0.083 0.015 0.133 0.008 0.0171 0.0020  0.75 #CP Pup
1.4923 0.106 0.023 0.146 0.010 0.0320 0.0011  0.75 #V1159 Ori
#1.4983 0.095 0.022 0.141 0.011 0.0281 0.0025  0.75 #V2051 Oph
1.5000 0.074 0.018 0.130 0.011 0.0212 0.0032  0.75 #V436 Cen
1.5026 0.102 0.022 0.145 0.010 0.0306 0.0014  0.75 #BC UMa
1.5038 0.093 0.022 0.141 0.011 0.0276 0.0035  0.75 #HO Del
1.5091 0.107 0.024 0.147 0.011 0.0321 0.0025  0.75 #EK TrA
1.5096 0.108 0.025 0.148 0.011 0.0325 0.0032  0.75 #TV Crv
1.5142 0.072 0.016 0.129 0.010 0.0203 0.0015  0.75 #VY Aqr
#1.5149 0.065 0.004 0.125 0.003 0.0203 0.0015 0.69 #OY Car
1.5194 0.088 0.019 0.139 0.010 0.0259 0.0016  0.75 #RX 1131
1.5278 0.105 0.023 0.148 0.011 0.0314 0.0011  0.75 #ER UMa
1.5574 0.081 0.019 0.137 0.010 0.0234 0.0023  0.75 #UV Per
1.5624 0.121 0.028 0.157 0.012 0.0368 0.0033  0.75 #AK Cnc
1.5710 0.095 0.022 0.145 0.011 0.0281 0.0031  0.75 #DM Lyr
1.5737 0.083 0.021 0.139 0.012 0.0242 0.0039  0.75 #AO Oct
1.6121 0.114 0.026 0.158 0.012 0.0347 0.0025  0.75 #SX LMi
1.6267 0.118 0.026 0.160 0.012 0.0360 0.0015  0.75 #SS UMi
1.6310 0.083 0.020 0.143 0.011 0.0241 0.0030  0.75 #KS UMa
1.6344 0.122 0.027 0.163 0.012 0.0374 0.0028  0.75 #V1208 Tau
1.6387 0.102 0.023 0.153 0.012 0.0306 0.0028  0.75 #RZ Sge
1.6399 0.114 0.025 0.159 0.012 0.0347 0.0015  0.75 #TY Psc
1.6416 0.116 0.032 0.160 0.015 0.0351 0.0066  0.75 #IR Gem
1.6536 0.070 0.017 0.136 0.011 0.0197 0.0028  0.75 #V699 Oph
1.6697 0.119 0.026 0.164 0.012 0.0364 0.0014  0.75 #CY UMa
1.7186 0.115 0.027 0.165 0.013 0.0349 0.0040  0.75 #FO And
#1.7450 0.130 0.029 0.173 0.013 0.0326 0.0015 0.90 #OU Vir
1.7597 0.110 0.024 0.165 0.012 0.0333 0.0020  0.75 #VZ Pyx
1.7645 0.156 0.034 0.186 0.014 0.0487 0.0027  0.75 #CC Cnc
#1.7676 0.089 0.009 0.154 0.005 0.0330 0.0030  0.61 #HT Cas
#1.7738 0.093 0.006 0.157 0.003 0.0260 0.0013 0.79 #IY UMa
1.7825 0.110 0.024 0.166 0.012 0.0331 0.0008  0.75 #VW Hyi
#1.7880 0.089 0.003 0.155 0.001 0.0364 0.0009 0.56 #Z Cha
1.7887 0.110 0.026 0.167 0.013 0.0331 0.0040  0.75 #QW Ser
1.7954 0.114 0.025 0.169 0.012 0.0346 0.0014  0.75 #WX Hyi
1.7995 0.154 0.033 0.187 0.013 0.0479 0.0007  0.75 #BK Lyn
1.8250 0.114 0.026 0.171 0.013 0.0347 0.0025  0.75 #RZ Leo
1.8290 0.137 0.030 0.182 0.013 0.0422 0.0027  0.75 #AW Gem
1.8324 0.105 0.023 0.167 0.012 0.0317 0.0012  0.75 #SU UMa
1.8372 0.123 0.027 0.176 0.013 0.0376 0.0022  0.75 #SDSS 1730
1.8456 0.153 0.033 0.190 0.014 0.0477 0.0023  0.75 #HS Vir
1.8648 0.139 0.031 0.185 0.014 0.0430 0.0027  0.75 #V503 Cyg
1.8696 0.127 0.030 0.180 0.014 0.0388 0.0040  0.75 #V359 Cen
1.8840 0.098 0.024 0.166 0.013 0.0293 0.0036  0.75 #CU Vel
1.8984 0.134 0.030 0.185 0.014 0.0412 0.0030  0.75 #NSV 9923
1.9080 0.112 0.027 0.175 0.014 0.0340 0.0040  0.75 #BR Lup
1.9502 0.202 0.033 0.216 0.012 0.0471 0.0010  0.75 #V1974 Cyg
1.9702 0.129 0.028 0.188 0.014 0.0397 0.0022  0.75 #TU Crt
2.0194 0.135 0.030 0.194 0.014 0.0417 0.0022  0.75 #TY PsA
2.0287 0.121 0.027 0.187 0.014 0.0368 0.0031  0.75 #KK Tel
2.0304 0.159 0.035 0.205 0.015 0.0497 0.0033  0.75 #V452 Cas
#2.0604 0.165 0.013 0.209 0.006 0.0343 0.0011 1.09 #DV UMa
2.0832 0.176 0.038 0.216 0.016 0.0553 0.0026  0.75 #YZ Cnc
2.1365 0.145 0.032 0.206 0.015 0.0449 0.0025  0.75 #GX Cas
2.3460 0.197 0.043 0.242 0.018 0.0623 0.0035  0.75 #NY Ser
2.4442 0.202 0.045 0.251 0.019 0.0640 0.0040  0.75 #V348 Pup
2.5982 0.237 0.051 0.276 0.020 0.0760 0.0010  0.75 #V795 Her
2.7614 0.197 0.042 0.270 0.019 0.0625 0.0005  0.75 #V592 Cas
2.8128 0.225 0.049 0.286 0.021 0.0717 0.0032  0.75 #TU Men
3.0530 0.275 0.059 0.323 0.023 0.0887 0.0016  0.75 #AH Men
#3.2786 0.197 0.010 0.303 0.005 0.0644 0.0020  0.73 #DW UMa
3.3012 0.263 0.056 0.335 0.024 0.0847 0.0007  0.75 #TT Ari
3.3144 0.242 0.044 0.327 0.020 0.0572 0.0052  1.0 #V603 Aql
3.5124 0.278 0.060 0.356 0.025 0.0898 0.0014  0.75 #PX And
3.5352 0.225 0.048 0.333 0.024 0.0719 0.0020  0.75 #V533 Her
3.5808 0.291 0.062 0.366 0.026 0.0939 0.0010  0.75 #BB Dor
3.7380 0.246 0.053 0.356 0.026 0.0790 0.0030  0.75 #BH Lyn
#3.9259 0.197 0.041 0.342 0.024 0.0702 0.0014  0.67 #UU Aqr
